0,7417,9215,no
1,8648,4673,no
2,5665,4773,no
3,4208,1486,no
4,3797,7518,no
5,9574,2604,no
6,8423,6536,no
7,2797,9550,no
8,2454,106,no
9,7113,7191,no
10,2099,6835,no
11,4770,630,no
12,9914,4025,no
13,9616,6166,no
14,6415,5576,no
15,7346,6953,no
16,4247,7834,no
17,608,8545,no
18,6182,2867,no
19,6742,9678,no
20,4642,3036,no
21,2371,918,no
22,3386,4042,no
23,4927,561,no
24,4456,8148,no
25,222,2489,no
26,7122,176,no
27,9369,5072,no
28,4191,28,no
29,2999,9518,no
30,2564,451,no
31,8354,9687,no
32,3439,6445,no
33,1253,8268,no
34,1964,6239,no
35,7266,6291,no
36,3099,46,no
37,3040,6042,no
38,4572,699,no
39,517,3906,no
40,2706,2732,no
41,3311,1586,no
42,8277,196,no
43,8177,5845,no
44,2344,6745,yes
45,1517,1660,no
46,4165,9934,no
47,618,8770,no
48,5563,8287,no
49,7268,8232,no
50,1547,1485,no
51,5368,3177,no
52,4591,2440,no
53,6449,7043,no
54,5089,9955,no
55,3709,3627,no
56,2861,186,no
57,8081,3957,no
58,6324,9181,no
59,2520,8136,no
60,7358,6427,no
61,5238,1419,no
62,3960,2547,no
63,8662,3706,no
64,4218,4499,no
65,3002,5398,no
66,2039,8820,no
67,5919,1004,no
68,43,2636,no
69,8281,1851,no
70,5247,3125,no
71,3944,3286,no
72,5948,9946,no
73,8909,9243,no
74,2927,6789,no
75,8579,4061,no
76,8666,9649,no
77,7692,8554,no
78,693,4508,no
79,5586,3447,no
80,4252,4333,no
81,4449,9915,no
82,4439,3530,no
83,506,9217,no
84,8554,1557,no
85,5536,7392,no
86,3907,1379,no
87,5617,3166,no
88,9523,4390,no
89,7531,9721,no
90,8431,6358,no
91,453,7402,no
92,4406,832,no
93,2689,2239,no
94,631,9271,no
95,9519,7514,no
96,2350,1492,no
97,9423,7616,no
98,3588,2404,no
99,5202,4116,no
100,110,6349,no
101,6001,2077,no
102,682,3882,no
103,405,1055,no
104,303,8566,no
105,6740,5445,no
106,7537,4374,no
107,2683,8721,no
108,2495,3402,no
109,4540,5176,no
110,199,1119,no
111,9573,1686,no
112,7560,1050,no
113,889,6706,no
114,5965,7808,no
115,8472,6622,no
116,2792,5747,no
117,6705,5354,no
118,9172,1007,no
119,6944,7063,no
120,3052,3741,no
121,4120,9917,no
122,7137,7698,no
123,9220,9417,no
124,7886,3484,no
125,1483,6619,no
126,7924,9363,no
127,1949,9067,no
128,1771,1921,no
129,5307,8568,no
130,5701,2209,no
131,8562,1718,no
132,6452,618,no
133,7132,7573,no
134,5129,7502,no
135,9355,8017,no
136,2711,6982,no
137,189,7801,no
138,4782,9660,no
139,8112,6212,no
140,7036,2520,no
141,1069,6120,no
142,8598,1043,no
143,7414,1394,no
144,1573,7759,no
145,2351,421,no
146,8532,5977,no
147,3671,4694,no
148,5286,8539,no
149,4247,8852,no
150,7982,1250,no
151,5906,3625,no
152,4062,2274,no
153,4055,8597,no
154,5254,5049,no
155,6475,5561,no
156,5366,1126,no
157,1953,3507,no
158,7208,3361,no
159,6183,9357,no
160,7949,2884,no
161,1490,8915,no
162,249,6090,no
163,9537,3301,no
164,2122,243,no
165,8104,4620,no
166,7835,3234,no
167,5527,9768,no
168,653,6020,no
169,6697,5769,no
170,5759,1617,no
171,9358,2991,no
172,6823,9338,no
173,3206,3722,no
174,5892,7550,no
175,7052,3784,no
176,5876,122,no
177,6961,448,no
178,3364,3057,no
179,3279,2426,no
180,2393,4570,no
181,6839,338,no
182,894,4812,no
183,2558,3939,no
184,8780,640,no
185,586,774,no
186,3075,1897,no
187,8322,9806,no
188,2483,9064,no
189,2318,1392,no
190,4757,1681,no
191,9242,8964,no
192,9533,5839,no
193,5983,8356,no
194,2434,7061,no
195,9073,6469,no
196,471,6645,no
197,4742,5666,no
198,2672,442,no
199,1660,6138,no
200,544,3572,no
201,3197,6738,no
202,268,2611,no
203,2506,8146,no
204,4682,453,no
205,709,1345,no
206,6472,1161,no
207,5574,7785,no
208,7182,3396,no
209,462,1946,no
210,6670,1989,no
211,471,4745,no
212,8824,241,no
213,3361,6444,no
214,677,1197,no
215,9706,5792,no
216,2204,5401,no
217,5275,8609,no
218,4442,8451,no
219,1755,1393,no
220,5287,4475,no
221,2981,1837,no
222,3669,2938,no
223,9804,1689,no
224,1994,1008,no
225,2251,9411,no
226,6748,9061,no
227,9781,4753,no
228,5951,9369,no
229,7522,7219,no
230,6509,3474,no
231,8646,3906,no
232,9679,4515,no
233,136,773,no
234,4462,3724,no
235,7371,6940,no
236,3579,5286,no
237,7242,1474,yes
238,6922,4251,no
239,3248,6516,no
240,6235,654,no
241,3355,5372,no
242,2170,5286,no
243,3546,756,no
244,345,6049,no
245,8220,5003,no
246,3709,6956,no
247,9279,2198,no
248,2910,3143,no
249,9470,2462,no
250,6437,8346,no
251,1480,4902,yes
252,5544,9016,no
253,1814,3799,no
254,8539,4016,no
255,1662,7599,no
256,9493,8592,no
257,3008,7544,no
258,3779,9565,no
259,3454,9328,no
260,6316,6546,no
261,1854,3162,no
262,3680,8046,no
263,638,5048,no
264,5203,3300,no
265,194,907,no
266,5206,1285,no
267,3058,1369,no
268,578,8122,no
269,1499,3600,no
270,1936,8359,no
271,2910,9913,no
272,8235,8712,no
273,2166,6698,no
274,475,4811,no
275,768,2570,no
276,192,1671,no
277,7023,6686,no
278,5124,4862,no
279,5127,1793,no
280,7618,1738,no
281,2713,9802,no
282,6478,9349,no
283,3692,2950,no
284,9357,307,no
285,3655,2662,no
286,2516,6376,no
287,9706,1966,no
288,3386,6307,no
289,3829,5936,no
290,7079,5509,no
291,4127,378,no
292,8445,3,no
293,5415,3016,no
294,4944,1005,no
295,8201,20,no
296,181,589,no
297,313,2931,no
298,7933,1177,no
299,5162,3873,no
300,3444,2965,no
301,5622,2972,no
302,4514,6047,no
303,3567,9466,no
304,8511,8993,no
305,4469,2207,no
306,2972,8891,no
307,4168,2755,no
308,3891,4473,no
309,4038,32,no
310,9462,3449,no
311,1179,1618,no
312,7551,6383,no
313,5796,5001,no
314,2852,8902,no
315,4483,1024,no
316,5405,6037,no
317,7082,7575,no
318,3768,5560,no
319,6984,8749,no
320,7858,427,no
321,7685,8927,no
322,3131,7885,no
323,5133,4438,no
324,6129,9026,no
325,2623,8011,no
326,3498,7831,no
327,1473,7709,no
328,1162,6486,no
329,8322,683,no
330,9314,7157,no
331,4521,3829,no
332,9292,5775,no
333,205,5816,no
334,2840,4361,no
335,2743,6423,no
336,7857,4453,no
337,21,3910,no
338,6680,4502,no
339,4427,5693,no
340,6201,7387,no
341,8481,9397,no
342,4075,7490,no
343,4480,207,no
344,4279,3542,no
345,2522,7611,no
346,3054,4530,no
347,129,5752,no
348,8592,4326,no
349,7755,9864,no
350,5238,634,no
351,7388,2046,no
352,4294,5839,no
353,5046,1615,no
354,3623,9971,no
355,9533,8209,no
356,3963,9318,no
357,9275,2728,no
358,8374,7876,no
359,6412,4269,no
360,512,4058,no
361,5261,7804,no
362,1795,3557,no
363,7157,4852,no
364,3215,7095,no
365,4141,3351,no
366,778,9774,no
367,9823,5408,no
368,3130,2230,no
369,6937,6168,no
370,5130,5015,no
371,7162,8486,no
372,2093,7885,no
373,1464,2129,no
374,6759,8959,no
375,8405,9791,no
376,4089,9889,no
377,1342,5634,no
378,105,6388,no
379,435,9613,no
380,1676,1430,no
381,2540,3183,no
382,6237,4670,no
383,4682,2789,no
384,2135,612,no
385,8383,8400,no
386,4913,5575,no
387,5887,2447,no
388,9086,8385,no
389,7216,7610,no
390,8263,4418,no
391,7621,3354,no
392,6578,1227,no
393,228,5402,no
394,5688,1926,no
395,6408,1068,no
396,3672,5755,no
397,4033,5568,no
398,1911,2583,no
399,1936,2875,no
400,6993,8397,no
401,5523,4652,no
402,1909,6457,no
403,6132,669,no
404,6796,8660,no
405,1096,9132,no
406,6665,6185,no
407,7201,6314,no
408,5327,7968,no
409,8495,8299,no
410,8373,5085,no
411,8406,9523,no
412,2772,7879,no
413,976,1232,no
414,4996,8064,no
415,3859,849,no
416,8626,301,no
417,9789,4731,no
418,9010,8733,no
419,103,1006,no
420,8720,345,no
421,4861,4458,no
422,8853,4275,no
423,5718,1181,no
424,8742,3387,no
425,8971,7357,no
426,7188,6522,no
427,9959,6877,no
428,9133,9608,no
429,1471,4300,no
430,2940,4316,no
431,1863,1783,no
432,4307,9237,no
433,4219,7088,no
434,6619,4341,no
435,7643,1930,no
436,5903,4199,no
437,9938,371,no
438,9814,161,no
439,6898,1101,no
440,8402,9751,no
441,3103,7237,no
442,5784,5544,no
443,3442,6637,no
444,1050,7701,no
445,1258,3383,no
446,7788,8385,no
447,6863,4340,no
448,1989,5698,no
449,4652,1758,no
450,576,2853,no
451,8960,6889,no
452,7320,179,no
453,12,7644,no
454,7087,8131,no
455,5342,9647,no
456,3333,71,no
457,5249,5226,no
458,4741,9913,no
459,7736,4251,no
460,7516,3190,no
461,6034,5860,no
462,9264,7746,no
463,9055,8698,no
464,9692,7646,no
465,9839,2360,no
466,6705,4607,no
467,7157,5277,no
468,6261,253,no
469,1612,3854,no
470,6164,1768,no
471,4708,7960,no
472,1555,3444,no
473,2522,9130,no
474,2538,4001,yes
475,7650,3244,no
476,8158,7232,no
477,6825,8258,no
478,176,9168,no
479,8615,588,no
480,1828,9813,no
481,1629,6647,no
482,6330,8638,no
483,8208,3436,no
484,5737,5078,no
485,417,2434,no
486,1743,9831,no
487,2651,1383,no
488,1732,2283,no
489,8615,8841,no
490,6766,3677,no
491,5321,7970,no
492,4050,7834,no
493,2865,8490,no
494,9553,4764,no
495,3543,2591,no
496,1106,5411,no
497,5355,3055,no
498,1633,6378,no
499,7936,9013,no
500,4562,364,no
501,2003,7711,no
502,9972,3186,no
503,9251,7662,no
504,1264,4740,no
505,3195,4094,no
506,4238,1763,no
507,6149,4325,no
508,4054,9475,no
509,2645,4981,no
510,3916,792,no
511,9685,8195,no
512,2831,7268,no
513,3726,2379,no
514,7110,1675,no
515,7590,6088,no
516,6819,716,no
517,792,7279,no
518,7413,4695,no
519,5690,9133,no
520,9787,6849,no
521,6530,8737,no
522,4576,2035,no
523,5438,4560,no
524,9382,2092,no
525,2478,8998,no
526,8475,7811,no
527,1811,1568,no
528,2092,927,no
529,6557,1378,no
530,2033,4780,no
531,8575,8699,no
532,5342,9968,no
533,8005,8593,no
534,3537,126,no
535,1190,1306,no
536,9182,4332,no
537,7747,6247,no
538,6051,187,no
539,9885,3583,no
540,9595,5423,no
541,8747,8530,no
542,9941,1389,no
543,9974,6743,no
544,7426,6916,no
545,2683,66,no
546,7283,5043,no
547,3965,1358,no
548,5975,9939,no
549,626,424,no
550,7431,7871,no
551,6608,5671,no
552,1401,9477,no
553,3908,5021,no
554,6268,8807,no
555,2392,9527,no
556,237,172,no
557,7438,9993,no
558,3490,4795,no
559,9612,4370,no
560,1156,6168,no
561,7157,4311,no
562,2211,2209,no
563,8203,9597,no
564,4364,3762,no
565,3484,7257,no
566,9070,8915,no
567,7193,4890,yes
568,440,143,no
569,9563,9180,no
570,1971,7052,no
571,5125,5557,no
572,7035,1285,no
573,4931,4134,no
574,2445,6044,no
575,9549,9501,no
576,3759,2055,no
577,9304,3669,no
578,2488,7727,no
579,5539,7174,no
580,753,1412,no
581,8754,5725,no
582,7264,4894,no
583,8925,8302,no
584,397,2982,no
585,5443,2831,no
586,4160,5301,no
587,4155,2433,no
588,3468,4018,no
589,6191,3795,no
590,4054,4800,no
591,9534,8138,no
592,2138,7494,no
593,8832,3061,no
594,6451,6841,no
595,1034,9128,no
596,1780,5965,no
597,4769,386,no
598,992,6492,no
599,3280,6792,no
600,1326,3861,no
601,1717,8070,no
602,2776,8163,no
603,1488,1628,no
604,3717,4565,no
605,7673,2530,no
606,5302,7302,no
607,5234,2914,no
608,8329,4865,no
609,9408,3383,no
610,1847,799,no
611,8279,4986,no
612,4332,1305,no
613,7587,3605,no
614,9889,2042,no
615,7465,248,no
616,6416,3011,no
617,5029,7698,no
618,4782,3272,no
619,3603,9719,no
620,5301,3918,no
621,6922,2694,no
622,3110,8970,no
623,2648,7301,no
624,4982,9240,no
625,1182,9833,no
626,8021,3033,no
627,3404,4028,no
628,6404,7608,no
629,4487,4793,no
630,5426,7028,no
631,816,1883,no
632,1227,5546,no
633,4325,985,no
634,3748,4982,no
635,5820,12,no
636,7561,5288,no
637,3219,6166,no
638,8883,7297,no
639,3132,6779,no
640,1711,8529,no
641,5802,240,no
642,4320,8961,no
643,2776,7379,no
644,2382,9824,no
645,5921,2894,no
646,4660,2731,no
647,5954,8186,no
648,2491,6173,no
649,1187,8190,no
650,8929,7600,no
651,7725,4480,no
652,8212,7656,no
653,3503,4559,no
654,8038,1130,no
655,3627,2497,no
656,5010,6081,no
657,7614,4809,no
658,6320,4945,no
659,2443,991,no
660,3047,7680,no
661,9905,7791,no
662,8470,4762,no
663,2662,9290,no
664,2512,7733,no
665,1981,5244,no
666,6459,3325,yes
667,3708,116,no
668,7557,6373,no
669,8311,1568,no
670,2445,2930,no
671,6688,3723,no
672,3403,6499,no
673,7171,3689,no
674,6705,8213,no
675,3268,5626,no
676,8911,6731,no
677,1723,7551,no
678,755,5928,no
679,20,8730,no
680,4898,3082,no
681,9983,4966,yes
682,8874,6829,no
683,8639,7112,no
684,437,5214,no
685,1960,8477,no
686,164,5453,no
687,2814,6084,no
688,6375,4108,no
689,2259,1295,no
690,5189,1322,no
691,4324,8472,no
692,664,2605,no
693,1415,2815,no
694,1451,270,no
695,275,8062,no
696,5816,9200,no
697,6807,6923,no
698,9281,2371,no
699,3303,9016,no
700,1003,7559,no
701,8392,6887,no
702,7201,1317,no
703,1754,8519,no
704,6991,3770,no
705,6206,6998,no
706,9840,3903,no
707,4563,1187,no
708,826,6547,no
709,3551,6924,no
710,2941,150,no
711,3540,3944,no
712,8716,9095,no
713,1651,1588,no
714,448,2317,no
715,9894,762,no
716,5621,7723,no
717,1220,6266,no
718,4898,4122,no
719,1405,2690,no
720,1021,5781,no
721,2900,1367,no
722,5564,5291,no
723,1261,1601,no
724,1139,8021,no
725,9355,8589,no
726,3318,1565,no
727,5843,5664,no
728,8269,5353,no
729,1359,4485,no
730,6619,1910,no
731,3084,5706,no
732,2701,2463,no
733,5144,8797,no
734,9144,3182,no
735,7307,8285,no
736,9281,2853,no
737,5335,4803,no
738,7351,8498,no
739,4297,4382,no
740,3896,8879,no
741,5037,8362,no
742,7503,653,no
743,9219,4492,no
744,3731,4336,no
745,6597,1414,no
746,7939,3724,no
747,6233,8950,no
748,2125,760,no
749,761,9675,no
750,1757,4891,no
751,9432,5406,no
752,472,7970,no
753,5297,9228,no
754,7200,6293,no
755,4118,364,no
756,8886,303,no
757,3929,8359,no
758,2740,6613,no
759,703,6019,no
760,9568,9842,no
761,8862,9011,no
762,6409,9262,no
763,631,2979,no
764,1891,3231,no
765,903,4770,no
766,7168,5594,no
767,4845,9478,no
768,7461,5543,no
769,2988,824,no
770,6049,2495,no
771,9862,9384,no
772,129,3357,no
773,8083,9018,no
774,2620,4852,no
775,5663,1059,no
776,6676,862,no
777,6713,5852,no
778,3639,423,no
779,9156,1156,no
780,4549,5239,no
781,8739,214,no
782,326,7498,no
783,2479,3320,no
784,650,8467,no
785,7141,3205,no
786,7683,9322,no
787,178,2473,no
788,5712,84,no
789,2464,3405,no
790,4734,3154,no
791,6761,3472,no
792,1672,695,no
793,3268,807,no
794,4974,3899,no
795,6692,3936,no
796,1102,6295,no
797,7741,5989,no
798,2403,7195,no
799,1523,2267,no
800,6226,3796,no
801,7102,8886,no
802,5913,1554,no
803,3128,3041,no
804,2512,3408,no
805,4847,516,no
806,2290,4261,no
807,3609,3049,no
808,4351,2301,yes
809,6017,4294,no
810,7641,7936,no
811,1166,7398,no
812,5501,1988,no
813,5314,8948,no
814,1998,8832,no
815,9849,5309,no
816,8562,1481,no
817,6694,3053,no
818,2546,2006,no
819,2226,216,no
820,4737,9544,no
821,2875,2545,no
822,6982,2068,no
823,9502,4335,no
824,4732,1944,no
825,299,2142,no
826,3976,615,no
827,1609,7553,no
828,8799,4802,no
829,6756,9980,no
830,7238,8076,no
831,6148,8012,no
832,5870,6986,no
833,57,5614,no
834,6641,4183,no
835,3469,130,no
836,7330,1562,no
837,9314,253,no
838,2623,1245,no
839,6188,7947,no
840,8771,4190,no
841,2216,8502,yes
842,1240,4558,no
843,8858,2796,no
844,1844,5722,no
845,6518,1474,no
846,2363,1664,no
847,1349,5417,no
848,6134,9806,no
849,7976,81,no
850,9696,5600,no
851,7480,852,no
852,2722,7311,no
853,8303,4513,no
854,1018,1856,no
855,4775,8047,no
856,1958,18,no
857,761,9757,no
858,419,9441,no
859,8575,6419,no
860,7751,3317,no
861,5540,496,no
862,4900,2548,no
863,6345,2415,no
864,1291,8018,no
865,6381,1237,no
866,6340,8252,no
867,6734,3556,no
868,5054,8964,no
869,5101,1608,no
870,4569,7897,no
871,468,4698,no
872,273,3145,no
873,9234,5093,no
874,9837,8072,no
875,2125,2746,no
876,3885,4094,no
877,7052,5066,no
878,7849,9299,no
879,6084,4046,no
880,9505,4032,no
881,1974,6898,no
882,5415,1512,no
883,7355,6525,no
884,8425,6479,no
885,8809,6611,no
886,4496,5297,no
887,8882,7394,no
888,3709,2741,no
889,5353,2055,no
890,750,4318,no
891,4661,5628,no
892,2283,8068,no
893,4765,2077,no
894,34,2331,no
895,5623,7875,no
896,3388,3888,no
897,8811,7649,no
898,3447,2155,no
899,4813,9693,no
900,2329,7961,no
901,7347,7445,no
902,6463,2669,no
903,4394,3300,no
904,5663,5000,no
905,3701,5851,no
906,1098,8602,no
907,7555,4596,no
908,8036,6194,no
909,1384,8257,no
910,9542,955,no
911,6734,4854,no
912,2565,6147,no
913,7253,5240,no
914,7270,2255,no
915,466,741,no
916,4225,6855,no
917,4532,4241,no
918,7846,8171,no
919,7072,868,no
920,6518,9188,no
921,6259,5347,no
922,9560,4672,no
923,4724,810,no
924,9797,9591,no
925,8593,3152,no
926,8815,3828,no
927,6739,4212,no
928,6604,4933,no
929,3073,9397,no
930,977,156,no
931,3808,3678,no
932,5355,9686,no
933,3354,9524,no
934,4819,8523,no
935,7096,2337,no
936,1883,6259,no
937,7028,3252,no
938,1729,1907,no
939,6835,5037,no
940,8308,4471,no
941,4183,6194,no
942,6239,6986,no
943,280,1064,no
944,5901,2381,no
945,5469,3371,no
946,2429,910,no
947,8527,2838,no
948,2328,7399,no
949,2922,6580,no
950,2437,2561,no
951,2278,467,no
952,8110,4984,no
953,9051,520,no
954,2594,8890,no
955,8621,2903,no
956,2007,6184,no
957,3431,8902,no
958,8800,8919,no
959,3886,7696,no
960,9737,8106,no
961,318,6337,no
962,6948,7944,no
963,4387,6441,no
964,2262,766,no
965,1614,1685,no
966,1956,7797,no
967,9652,3678,no
968,9433,8100,no
969,7557,5293,no
970,2246,8283,no
971,853,5342,no
972,1634,5398,no
973,8468,8150,no
974,9323,5293,no
975,1428,177,no
976,8054,3252,no
977,9789,1944,no
978,2078,3284,no
979,3339,1699,no
980,7936,9136,no
981,3704,8421,no
982,5183,8162,no
983,812,4549,no
984,735,5517,no
985,618,9956,no
986,1004,381,no
987,9923,8166,no
988,3989,7005,no
989,336,3442,no
990,1223,3792,no
991,251,9931,no
992,2495,7587,no
993,5402,5415,no
994,6980,5633,no
995,8181,5826,no
996,2603,3190,no
997,7370,8466,no
998,7369,5062,no
999,4470,2415,no
1000,8731,8923,no
1001,5532,4579,no
1002,7064,758,no
1003,706,2609,no
1004,5017,2778,no
1005,1565,1988,no
1006,1462,3611,no
1007,2245,1853,no
1008,5879,9532,no
1009,4944,8305,no
1010,8353,1050,no
1011,4287,1465,no
1012,7524,442,no
1013,7406,518,no
1014,5117,8555,no
1015,7993,2411,no
1016,9025,85,no
1017,3085,7456,no
1018,1189,2932,no
1019,9474,2264,no
1020,6535,2470,no
1021,6744,6726,no
1022,7834,1354,no
1023,811,7971,no
1024,1199,4478,no
1025,5558,1855,no
1026,2100,2316,no
1027,4267,9578,no
1028,2237,8314,no
1029,8671,140,no
1030,2154,6967,no
1031,7749,3393,no
1032,2928,3126,no
1033,7606,5159,no
1034,7047,2657,no
1035,7178,422,no
1036,1962,9361,no
1037,7770,4390,no
1038,8819,4314,no
1039,8649,5028,no
1040,2395,5892,no
1041,9167,4724,no
1042,5323,5836,no
1043,4430,6018,no
1044,84,346,no
1045,620,4894,no
1046,2771,3253,no
1047,6984,1065,no
1048,1894,4491,no
1049,161,49,no
1050,369,8962,no
1051,1360,5144,no
1052,9594,7060,no
1053,5820,2829,no
1054,9050,4428,no
1055,3816,2933,no
1056,4025,8281,no
1057,8514,7917,no
1058,432,6671,no
1059,648,4376,no
1060,2449,8540,no
1061,3621,6009,no
1062,7943,5373,no
1063,806,3278,no
1064,497,8570,no
1065,160,4712,no
1066,4012,3710,no
1067,555,963,no
1068,2970,5207,no
1069,6733,7769,no
1070,9688,3855,no
1071,8983,5857,no
1072,3545,4646,no
1073,7991,2472,no
1074,5296,7780,no
1075,933,9309,no
1076,7038,7876,no
1077,6497,905,no
1078,9738,8314,no
1079,1666,1315,no
1080,9235,9584,yes
1081,7214,7713,no
1082,9425,8115,no
1083,7413,2873,no
1084,4560,3178,no
1085,5936,2432,no
1086,1731,8831,no
1087,6265,8278,no
1088,3425,7012,no
1089,9826,643,no
1090,6249,8468,no
1091,6854,6159,no
1092,5954,1850,no
1093,8669,9288,no
1094,7897,9360,no
1095,454,6527,no
1096,4821,253,no
1097,6193,6891,no
1098,5768,8536,no
1099,1516,6444,no
1100,5481,3213,no
1101,4867,1156,no
1102,2263,270,no
1103,3844,5758,no
1104,8513,9496,no
1105,1709,9395,no
1106,3749,2845,no
1107,9255,9020,no
1108,2482,1465,no
1109,1621,2488,no
1110,5728,6786,no
1111,7317,3393,no
1112,9978,8400,no
1113,6425,9636,no
1114,836,8330,no
1115,492,458,no
1116,6649,5342,no
1117,9505,3060,no
1118,6087,7708,no
1119,9944,3083,no
1120,5673,8743,no
1121,369,7175,no
1122,8216,709,no
1123,5698,2609,no
1124,8658,3752,no
1125,5575,4462,no
1126,9145,8377,no
1127,3423,6818,no
1128,7845,5110,no
1129,2171,8413,no
1130,2949,1013,no
1131,1710,2002,no
1132,6083,391,no
1133,2492,565,no
1134,7568,5087,no
1135,3286,6078,no
1136,8045,7228,no
1137,3222,2862,no
1138,1558,2214,no
1139,94,7879,no
1140,9212,5046,no
1141,4669,7902,no
1142,6384,3157,no
1143,1766,1866,no
1144,9358,1386,no
1145,6756,6736,no
1146,8284,1710,no
1147,9945,4387,no
1148,2200,7592,no
1149,1489,9168,no
1150,3456,96,no
1151,9288,4830,no
1152,522,7331,no
1153,3924,3645,no
1154,5354,7431,no
1155,5922,8411,no
1156,4761,58,no
1157,8496,6428,no
1158,7411,6264,no
1159,7977,5786,no
1160,970,5218,no
1161,4185,4090,no
1162,6950,2312,no
1163,5705,3202,no
1164,2368,2740,no
1165,8178,2824,no
1166,1131,4741,no
1167,1601,519,no
1168,8691,4606,no
1169,8225,4325,no
1170,676,1644,no
1171,327,6778,no
1172,8674,3420,no
1173,2157,7656,no
1174,950,6685,no
1175,8290,3325,no
1176,6736,3407,no
1177,624,3773,no
1178,9097,5493,no
1179,8763,5377,no
1180,1219,3578,no
1181,2982,7745,no
1182,9761,5411,no
1183,9584,5561,no
1184,344,4298,no
1185,1226,9805,yes
1186,8583,6432,no
1187,904,9050,no
1188,7417,9793,no
1189,116,5769,no
1190,1898,1151,no
1191,5609,9384,no
1192,1384,3298,yes
1193,2791,5333,no
1194,8288,7205,no
1195,9334,532,no
1196,747,8147,no
1197,811,2038,no
1198,8042,946,no
1199,8022,1446,no
1200,4325,1529,no
1201,6908,6075,no
1202,8709,2729,no
1203,9453,1052,no
1204,7776,6636,no
1205,7890,3816,no
1206,1206,6657,no
1207,8634,7694,no
1208,4892,1589,no
1209,6863,804,no
1210,4960,1390,no
1211,3800,3976,no
1212,5479,2286,no
1213,9681,6926,no
1214,4654,6886,no
1215,2017,4459,no
1216,4247,6371,no
1217,2321,3550,no
1218,5415,9353,no
1219,1295,2974,no
1220,149,6306,no
1221,2129,936,no
1222,686,9202,no
1223,7299,3732,no
1224,6034,7072,no
1225,9820,6142,no
1226,4745,826,no
1227,7642,7567,no
1228,9583,8198,no
1229,1854,2517,no
1230,278,3353,no
1231,705,7684,no
1232,1406,8177,no
1233,8768,6935,no
1234,1249,7031,no
1235,1779,5337,no
1236,9164,2943,no
1237,688,616,no
1238,3394,1653,no
1239,3260,1847,no
1240,5841,9082,no
1241,6994,407,no
1242,5244,5173,no
1243,2603,9180,no
1244,8527,7886,no
1245,1123,6359,no
1246,2139,3636,no
1247,6708,5413,no
1248,267,916,no
1249,1866,8863,no
1250,7181,3467,no
1251,867,733,no
1252,6483,8995,no
1253,8389,6746,no
1254,2643,9579,no
1255,322,1798,no
1256,6565,9901,no
1257,8035,4702,no
1258,830,3139,no
1259,1234,9513,no
1260,8192,5443,no
1261,9051,9445,no
1262,4904,218,no
1263,3339,9029,no
1264,8798,5656,no
1265,2285,6041,no
1266,3560,5297,no
1267,7981,8035,no
1268,226,6210,no
1269,6934,8621,no
1270,9595,1734,no
1271,4969,2940,no
1272,9315,9326,no
1273,8554,9207,no
1274,7651,8715,no
1275,7822,6027,no
1276,4908,4215,no
1277,9956,6423,no
1278,6021,898,no
1279,1408,5885,no
1280,2880,5475,no
1281,7628,6414,no
1282,9289,7554,no
1283,5298,7741,no
1284,2273,1845,no
1285,5367,5202,no
1286,8772,1690,no
1287,6052,1434,no
1288,6721,9902,no
1289,4899,8157,no
1290,9343,6108,no
1291,4667,4832,no
1292,1941,6757,no
1293,2762,7728,no
1294,2684,5068,no
1295,7231,1934,no
1296,6803,1510,no
1297,395,9733,no
1298,3936,4932,no
1299,4355,9002,no
1300,380,430,no
1301,3662,4761,no
1302,6136,9192,no
1303,7361,4224,no
1304,4307,4885,no
1305,1085,2129,no
1306,7515,1879,no
1307,329,1484,no
1308,9964,6106,no
1309,7575,7970,no
1310,7753,4290,no
1311,4536,8572,no
1312,2511,8448,no
1313,7701,6505,no
1314,1364,5567,no
1315,594,70,no
1316,553,3657,no
1317,2966,7521,no
1318,4340,3918,no
1319,9630,6177,no
1320,2750,5989,no
1321,5116,6782,no
1322,7095,9398,no
1323,5962,7785,no
1324,7412,6499,no
1325,3661,2241,no
1326,2868,6195,no
1327,1324,5135,no
1328,2645,7448,no
1329,5174,2667,no
1330,5442,2082,no
1331,4719,4995,no
1332,205,953,no
1333,9095,2938,no
1334,3229,9032,no
1335,1692,5774,no
1336,3196,4905,no
1337,3083,3643,no
1338,6410,4726,no
1339,788,3518,yes
1340,6452,7455,no
1341,8904,4493,no
1342,5605,3864,no
1343,6596,5972,no
1344,5698,1712,no
1345,594,776,no
1346,1880,7153,no
1347,91,3969,no
1348,8289,5968,no
1349,3382,2858,no
1350,5973,6524,no
1351,2126,3876,no
1352,2027,5149,no
1353,9813,7257,no
1354,9144,1490,no
1355,3945,5813,no
1356,6321,1330,no
1357,6398,3332,no
1358,9130,9743,no
1359,2482,9148,no
1360,7567,879,no
1361,1775,6719,no
1362,8754,9908,no
1363,3952,8795,no
1364,4679,5146,no
1365,2788,4564,no
1366,3141,6215,no
1367,3237,5208,no
1368,6353,7860,no
1369,9514,2632,no
1370,5878,5643,no
1371,798,6336,no
1372,6315,6465,no
1373,403,9843,no
1374,5066,3488,no
1375,7300,6816,no
1376,173,5426,no
1377,8863,1141,no
1378,249,2886,no
1379,9521,337,no
1380,9159,5566,no
1381,7620,7060,no
1382,2901,7062,no
1383,6495,517,no
1384,7260,3912,no
1385,9926,9475,no
1386,1208,7901,no
1387,8130,4504,no
1388,9922,2811,no
1389,6175,5393,no
1390,6403,694,no
1391,7598,338,no
1392,6907,344,no
1393,596,2746,no
1394,707,7251,no
1395,6455,3624,no
1396,1877,2680,no
1397,3818,9267,no
1398,6243,2217,no
1399,2901,2644,no
1400,126,7979,no
1401,2009,7426,no
1402,8305,1125,no
1403,5900,6114,no
1404,1510,5304,no
1405,3203,4589,no
1406,5756,8951,no
1407,4138,6581,no
1408,915,4073,no
1409,1184,3590,no
1410,7128,4591,no
1411,4509,871,no
1412,1360,1588,no
1413,304,3723,no
1414,8736,2950,no
1415,2933,9339,no
1416,3423,7842,no
1417,1658,1793,no
1418,8212,3731,no
1419,3915,6291,no
1420,8283,795,no
1421,1476,1619,no
1422,4141,1875,no
1423,9520,3511,no
1424,6478,4932,no
1425,7804,2989,no
1426,3866,9134,no
1427,9229,6213,no
1428,3921,1695,no
1429,5822,7603,no
1430,5757,8422,no
1431,5343,5739,no
1432,9116,7548,no
1433,2960,208,no
1434,406,9544,no
1435,2796,9538,no
1436,9890,3231,no
1437,4743,4207,no
1438,7181,78,no
1439,8153,9096,no
1440,4753,5800,no
1441,9858,3826,no
1442,5546,4558,no
1443,6252,998,no
1444,5611,9113,no
1445,9269,3400,no
1446,1175,7513,no
1447,3248,2547,no
1448,7708,9435,no
1449,148,3905,no
1450,5981,1916,no
1451,2954,5274,no
1452,8287,1283,no
1453,2174,4546,no
1454,3889,236,no
1455,4158,7005,no
1456,4601,8961,no
1457,5143,2512,no
1458,2897,4858,no
1459,7039,8350,no
1460,5433,8803,no
1461,1114,4576,no
1462,5260,525,no
1463,2592,2389,no
1464,4773,8971,no
1465,167,5483,no
1466,691,5904,no
1467,5864,5454,no
1468,2461,503,no
1469,4873,9771,no
1470,9458,2536,no
1471,2927,3583,no
1472,8547,7666,no
1473,2324,7078,no
1474,1404,7996,no
1475,573,3695,no
1476,5708,4789,no
1477,8473,9507,no
1478,1070,702,no
1479,9381,249,no
1480,9542,3863,no
1481,2758,3808,no
1482,6990,820,no
1483,5946,8844,no
1484,9735,9357,no
1485,4167,5288,no
1486,8960,3580,no
1487,7254,6542,no
1488,1969,9723,no
1489,2193,9752,no
1490,3212,9059,no
1491,1953,9916,no
1492,6087,9914,no
1493,4939,3565,no
1494,9711,7019,no
1495,9493,5172,no
1496,104,9444,no
1497,6032,1904,no
1498,7585,4359,no
1499,605,5250,no
1500,6040,3614,no
1501,1117,1811,no
1502,1846,7286,no
1503,9411,338,no
1504,4714,7579,no
1505,2243,644,no
1506,4818,2792,no
1507,4541,7429,no
1508,2810,6654,no
1509,9350,4809,no
1510,5343,8489,no
1511,744,7821,no
1512,6365,9706,no
1513,6349,5912,no
1514,7624,8621,no
1515,3841,9317,no
1516,2643,6394,no
1517,8905,5010,no
1518,8921,1794,no
1519,8317,8625,no
1520,6338,6008,no
1521,6606,1193,no
1522,5564,8090,no
1523,3599,3903,no
1524,1151,7144,no
1525,4023,9317,no
1526,2111,864,no
1527,9674,4458,no
1528,2774,7706,no
1529,5315,7480,no
1530,2838,2072,no
1531,1932,3510,no
1532,1454,1524,no
1533,4501,7909,no
1534,4107,6000,no
1535,49,15,no
1536,4580,7650,no
1537,1711,3148,no
1538,1145,9244,no
1539,4083,2664,no
1540,3383,2128,no
1541,187,7964,no
1542,8345,9795,no
1543,7261,603,no
1544,1753,3204,no
1545,8098,9839,no
1546,6026,3696,no
1547,9159,6001,no
1548,8186,5148,no
1549,4709,4529,no
1550,399,6996,no
1551,3675,2379,no
1552,4573,9477,no
1553,808,5223,no
1554,5965,974,no
1555,7292,5131,no
1556,2855,3940,no
1557,8348,3924,no
1558,6858,4507,no
1559,8074,1946,no
1560,1957,7254,no
1561,7606,3169,no
1562,6390,5022,no
1563,7024,7510,no
1564,8449,7862,no
1565,851,1617,no
1566,3800,450,no
1567,866,1366,no
1568,4039,6711,no
1569,8292,6482,no
1570,192,8385,no
1571,6817,7641,no
1572,7059,778,no
1573,1716,584,no
1574,6908,5972,no
1575,165,9977,no
1576,9570,1862,no
1577,1811,7637,no
1578,9166,6819,no
1579,3891,9565,no
1580,429,1812,no
1581,2493,1468,no
1582,1117,9484,no
1583,6212,3046,no
1584,9017,7000,no
1585,2935,6663,no
1586,2648,9871,no
1587,1280,6170,no
1588,7127,7363,no
1589,7735,2639,no
1590,1278,7637,no
1591,7307,4372,no
1592,3795,3406,no
1593,456,4908,no
1594,1968,1516,no
1595,1827,1834,no
1596,5428,6704,no
1597,8785,1645,no
1598,5093,3401,no
1599,9704,7331,no
1600,9527,6767,no
1601,3241,7874,no
1602,2534,8783,no
1603,618,2778,no
1604,6976,1742,no
1605,6334,2647,no
1606,9400,7936,no
1607,4797,9716,no
1608,7543,8934,no
1609,5081,2575,no
1610,2734,7773,no
1611,1796,3388,no
1612,1078,4564,no
1613,7328,6369,no
1614,6716,2037,no
1615,1836,8522,no
1616,380,977,no
1617,9032,111,no
1618,3465,4272,no
1619,6022,2077,no
1620,8176,5766,no
1621,7789,3290,no
1622,5394,1009,no
1623,5743,3127,no
1624,9137,5615,no
1625,2324,6894,no
1626,5835,8116,no
1627,3513,8902,no
1628,9726,542,no
1629,3962,1576,no
1630,1332,8813,no
1631,2129,6978,no
1632,4569,3481,no
1633,8662,6955,no
1634,3853,5368,no
1635,145,3997,no
1636,8607,9419,no
1637,2261,5609,no
1638,2776,7231,no
1639,6524,8020,no
1640,2290,2085,no
1641,9950,6516,no
1642,1845,2779,no
1643,3192,7374,no
1644,824,1805,no
1645,2312,6675,no
1646,561,6131,no
1647,81,9125,no
1648,8404,4210,no
1649,4985,4520,no
1650,9850,9776,no
1651,3705,1537,no
1652,6338,5441,no
1653,814,6720,no
1654,4021,3242,no
1655,460,2526,no
1656,4158,4643,no
1657,316,2632,no
1658,99,6735,no
1659,6984,3691,no
1660,9759,9183,no
1661,8865,4920,no
1662,3539,932,no
1663,139,6855,no
1664,7926,1157,no
1665,8089,1046,no
1666,3760,9446,no
1667,6120,8457,no
1668,2610,1025,no
1669,2853,9197,no
1670,3360,5680,no
1671,6734,6995,no
1672,9018,1090,no
1673,8411,9502,no
1674,5023,429,no
1675,9551,5645,no
1676,9714,8418,no
1677,6830,62,no
1678,1118,1494,no
1679,2452,7139,no
1680,509,7551,no
1681,4062,3193,no
1682,5217,9950,no
1683,6823,2667,no
1684,1156,8221,no
1685,5531,2078,no
1686,3869,9278,no
1687,4435,9780,no
1688,8267,1506,no
1689,6398,8718,no
1690,5583,3671,no
1691,6895,2849,no
1692,3589,1152,no
1693,5508,8321,no
1694,6518,5188,no
1695,9209,3450,no
1696,2825,8180,no
1697,3878,5578,no
1698,9056,6161,no
1699,755,4302,no
1700,2020,6934,no
1701,375,5598,no
1702,5125,7537,no
1703,9423,412,no
1704,3048,8556,no
1705,9163,2782,no
1706,2076,2632,no
1707,782,1838,no
1708,7046,4958,no
1709,977,7270,no
1710,6421,2359,no
1711,705,2010,no
1712,6292,4834,no
1713,2160,7574,no
1714,931,7579,no
1715,9261,8468,no
1716,6292,9146,no
1717,8313,9896,no
1718,4911,1307,no
1719,7995,8244,no
1720,787,7521,no
1721,7828,3882,no
1722,9051,9271,no
1723,7214,9877,no
1724,8469,4675,no
1725,7064,64,no
1726,561,2220,no
1727,3330,1239,no
1728,8251,5392,no
1729,3635,640,no
1730,3607,1530,no
1731,6768,380,no
1732,925,6697,no
1733,8795,5367,no
1734,7819,2504,no
1735,8334,4094,no
1736,5749,816,no
1737,664,5717,no
1738,1299,7798,no
1739,5203,9221,no
1740,8846,8682,no
1741,1006,9951,no
1742,9379,3879,no
1743,9707,4884,no
1744,2352,9918,no
1745,350,5233,no
1746,7384,1141,no
1747,4437,7115,no
1748,9486,7283,no
1749,908,3611,no
1750,8716,6778,no
1751,4610,6726,no
1752,4336,7296,no
1753,1130,4010,no
1754,6378,1314,no
1755,3554,6937,no
1756,2965,4462,no
1757,2878,761,no
1758,7649,956,no
1759,8833,7908,no
1760,8617,5409,no
1761,9384,5257,no
1762,8000,9194,no
1763,4683,7141,no
1764,7181,973,no
1765,6203,2544,no
1766,2680,4168,no
1767,906,2359,no
1768,7221,1950,no
1769,7621,4451,no
1770,9286,3908,no
1771,5499,3023,no
1772,3749,2077,no
1773,6307,1174,no
1774,4157,4327,no
1775,4697,1153,no
1776,1057,9405,no
1777,3772,603,no
1778,5892,8209,no
1779,6236,8391,no
1780,50,1414,no
1781,8704,2737,no
1782,4243,2580,no
1783,2247,4555,no
1784,8235,7408,no
1785,7257,2106,no
1786,8386,6809,no
1787,3856,2020,no
1788,7225,9539,no
1789,6829,3619,no
1790,5375,5577,no
1791,6949,9488,no
1792,8018,1426,no
1793,7189,7772,no
1794,3315,1574,no
1795,547,7495,no
1796,1143,4888,no
1797,3056,1302,no
1798,9468,1841,no
1799,8100,3983,no
1800,5911,1164,no
1801,1811,2164,no
1802,1469,5722,no
1803,4140,5079,no
1804,2554,1955,no
1805,5936,6046,no
1806,4572,4900,no
1807,9264,9035,no
1808,7011,3934,no
1809,7909,2755,no
1810,10000,5769,no
1811,3451,3635,no
1812,6367,4120,no
1813,6023,8359,no
1814,8668,791,no
1815,1010,4110,no
1816,5494,8368,no
1817,8602,8176,no
1818,1423,5508,no
1819,6143,6060,no
1820,7414,4910,no
1821,8274,1004,no
1822,7310,6891,no
1823,2936,1227,no
1824,4046,9651,no
1825,3560,7116,no
1826,7427,7251,no
1827,1961,9947,no
1828,3252,2721,no
1829,5617,7101,no
1830,5529,2616,no
1831,4141,9936,no
1832,6601,3255,no
1833,4310,5984,no
1834,1004,9130,no
1835,8840,5282,no
1836,7912,4724,no
1837,105,4339,no
1838,5792,5224,no
1839,1408,6480,no
1840,3352,5966,no
1841,6438,9742,no
1842,44,9912,no
1843,9825,8166,no
1844,5691,3762,no
1845,9136,1567,no
1846,9229,4318,no
1847,5027,1170,no
1848,6134,2421,no
1849,8084,21,no
1850,3759,6829,no
1851,560,573,no
1852,4766,8108,no
1853,6209,2926,no
1854,9905,6548,no
1855,7054,8007,no
1856,1087,9101,no
1857,4153,2847,no
1858,8813,4326,no
1859,2466,9173,no
1860,9907,6866,no
1861,1722,7365,no
1862,935,5475,no
1863,2393,3114,no
1864,8657,9423,no
1865,3849,4199,no
1866,8874,1016,no
1867,5554,694,no
1868,520,5490,no
1869,7708,7594,no
1870,1130,8042,no
1871,3311,5057,no
1872,5863,9543,no
1873,3963,2132,no
1874,6234,4563,no
1875,874,7379,no
1876,2182,2870,no
1877,3862,7468,no
1878,8358,8325,no
1879,1869,2590,no
1880,8375,4935,no
1881,344,3333,no
1882,2718,8687,no
1883,725,269,no
1884,6292,5183,no
1885,5733,9955,no
1886,7116,1430,no
1887,2950,8675,no
1888,2596,7010,no
1889,9142,7783,no
1890,8612,6538,no
1891,3027,1807,no
1892,9485,5741,no
1893,4218,8500,no
1894,8686,1246,no
1895,9834,1170,no
1896,3628,7442,no
1897,779,817,no
1898,7929,7809,no
1899,6074,5735,no
1900,5774,6659,no
1901,6307,5084,no
1902,2804,4596,no
1903,2356,6208,no
1904,1764,2238,no
1905,4390,9731,no
1906,4440,1795,no
1907,4830,3008,no
1908,5473,8211,no
1909,1624,7440,no
1910,669,8104,no
1911,4234,9368,no
1912,7812,2607,no
1913,4267,710,no
1914,5647,2176,no
1915,595,8828,no
1916,4108,7995,no
1917,9706,878,no
1918,9859,5239,no
1919,6570,1583,no
1920,7954,148,no
1921,6527,3183,no
1922,4451,9087,no
1923,7399,60,no
1924,5958,2463,no
1925,1695,1513,no
1926,8659,2672,no
1927,9265,5652,no
1928,7058,9938,no
1929,261,9128,no
1930,7265,6798,no
1931,7697,1248,no
1932,3287,8933,no
1933,3581,5522,no
1934,4439,6084,no
1935,5094,8615,no
1936,402,3977,no
1937,8872,1927,yes
1938,3531,8258,no
1939,4581,4181,no
1940,9327,8719,no
1941,8057,4278,no
1942,1918,1452,no
1943,3847,8390,no
1944,5647,1932,no
1945,3816,8681,no
1946,23,2441,no
1947,5588,6770,no
1948,456,1566,no
1949,1830,6616,no
1950,3989,580,no
1951,5058,419,no
1952,836,9058,no
1953,7069,2133,no
1954,8915,231,no
1955,9561,7958,no
1956,482,4828,no
1957,4715,818,no
1958,9045,1950,no
1959,4346,8880,no
1960,8757,24,no
1961,7666,8965,no
1962,3909,3082,no
1963,3175,7136,no
1964,241,9670,no
1965,476,5742,no
1966,332,9473,no
1967,2846,3998,no
1968,7507,9423,no
1969,2786,5698,no
1970,5337,9499,no
1971,6189,2435,no
1972,2852,9018,no
1973,2997,9818,no
1974,343,8521,no
1975,1691,9591,no
1976,8591,9161,no
1977,6667,7812,no
1978,7582,8767,no
1979,2891,2616,no
1980,6286,9726,no
1981,4495,3560,no
1982,4093,2630,no
1983,6480,9668,no
1984,8389,485,no
1985,8488,1066,no
1986,7905,433,no
1987,8337,932,no
1988,6567,5349,no
1989,49,5071,no
1990,471,677,no
1991,5283,4360,no
1992,6833,7951,no
1993,4839,3931,no
1994,7002,9819,no
1995,7567,5966,no
1996,7195,3141,no
1997,9595,206,no
1998,3392,2675,no
1999,578,9303,no
2000,7351,9204,no
2001,1055,1716,no
2002,8116,6117,no
2003,6193,1453,no
2004,5136,2852,no
2005,800,422,no
2006,3834,2601,no
2007,1458,8118,no
2008,8868,6733,no
2009,8403,9718,no
2010,6641,1554,no
2011,9878,2248,no
2012,109,1278,yes
2013,7566,5369,no
2014,6287,9342,no
2015,1979,179,no
2016,835,5992,no
2017,7494,8365,no
2018,3984,9214,no
2019,8793,8973,no
2020,7818,258,no
2021,9021,6722,no
2022,7829,7912,no
2023,7054,6480,no
2024,3549,6520,no
2025,6473,5779,no
2026,8810,4446,no
2027,5149,1164,no
2028,1419,6108,no
2029,1248,9632,no
2030,1010,1824,no
2031,137,3298,no
2032,9451,6792,no
2033,7388,778,no
2034,3070,2185,no
2035,6283,9373,no
2036,1466,3477,no
2037,4135,5224,no
2038,5638,4308,no
2039,1042,4912,no
2040,6199,2860,no
2041,1232,3475,no
2042,3122,9181,no
2043,3403,9533,no
2044,4057,6272,no
2045,1997,1903,no
2046,9783,8937,no
2047,1013,7819,no
2048,1964,7525,no
2049,6356,7416,no
2050,4210,7696,no
2051,1481,4457,no
2052,3517,4463,no
2053,7508,2881,no
2054,2058,9586,no
2055,5461,2491,no
2056,5791,1106,no
2057,3185,1640,no
2058,3947,4518,no
2059,2433,123,no
2060,8620,9301,no
2061,5447,5983,no
2062,995,5093,no
2063,2140,849,no
2064,5022,6142,no
2065,3723,3504,no
2066,8218,5252,no
2067,139,4452,no
2068,4519,8232,no
2069,3641,686,no
2070,6565,7642,no
2071,4485,8799,no
2072,4742,8470,no
2073,1146,4661,no
2074,4683,2973,no
2075,1112,1253,no
2076,6267,158,no
2077,3967,288,no
2078,7033,2926,no
2079,5203,9600,no
2080,5524,6101,no
2081,8504,7837,no
2082,353,6210,no
2083,1405,4610,no
2084,2291,3873,no
2085,615,3242,no
2086,7658,390,no
2087,7597,9366,no
2088,6104,6868,no
2089,6955,4763,no
2090,4787,4860,no
2091,7736,962,no
2092,470,2397,no
2093,9026,4762,no
2094,2364,9917,no
2095,9756,9899,no
2096,8579,1630,no
2097,6580,9659,no
2098,5843,96,no
2099,4217,6177,no
2100,220,2013,no
2101,7180,4225,no
2102,6909,2774,no
2103,6809,2479,no
2104,751,9023,no
2105,2925,7841,no
2106,3086,3123,no
2107,4951,9135,no
2108,6037,7615,no
2109,558,8124,no
2110,8219,8254,no
2111,2714,1278,no
2112,2366,8254,no
2113,8563,6064,no
2114,2609,8564,no
2115,2726,3700,no
2116,7850,2133,no
2117,3787,955,no
2118,4158,6475,no
2119,2420,6354,no
2120,9827,9706,no
2121,9358,4249,no
2122,6486,3129,no
2123,9625,4355,no
2124,1587,9054,no
2125,2510,9873,no
2126,8836,3630,no
2127,9147,9022,no
2128,8126,9759,no
2129,5982,3442,no
2130,5038,2613,no
2131,6940,6534,no
2132,6750,7635,no
2133,2214,1834,no
2134,6838,1367,no
2135,9750,991,no
2136,1172,5759,no
2137,7686,7597,no
2138,4206,9759,no
2139,3708,299,no
2140,5457,8091,no
2141,5326,8184,no
2142,8538,9624,no
2143,165,2468,no
2144,5442,3985,no
2145,4956,6615,no
2146,9073,9546,no
2147,8221,3963,no
2148,5816,5900,no
2149,6960,2979,no
2150,9269,822,no
2151,1138,1523,no
2152,5735,9688,no
2153,4276,9772,no
2154,6442,7282,no
2155,9899,3373,no
2156,4938,723,no
2157,9762,3319,no
2158,39,7088,no
2159,7254,3517,no
2160,54,5671,yes
2161,9319,6578,no
2162,9302,2237,no
2163,7242,6007,no
2164,4157,1693,no
2165,3528,5484,no
2166,8354,1393,no
2167,7246,9850,no
2168,6837,2982,no
2169,7727,6668,no
2170,6923,5125,no
2171,5972,278,no
2172,4500,6935,no
2173,4200,7397,no
2174,3830,2811,no
2175,3045,5583,no
2176,2642,1343,no
2177,3092,7720,no
2178,9491,6805,no
2179,9359,1176,no
2180,8880,6779,no
2181,2332,8413,no
2182,3107,2766,no
2183,7728,445,no
2184,5002,790,no
2185,8560,4104,no
2186,5608,5416,no
2187,4605,550,no
2188,2539,1235,no
2189,2507,5262,no
2190,8347,8537,no
2191,5682,4973,no
2192,7834,2872,yes
2193,1169,137,no
2194,7491,5523,no
2195,6163,1049,no
2196,5391,858,no
2197,7431,7677,no
2198,1416,3105,no
2199,655,405,no
2200,8987,9063,no
2201,8579,986,no
2202,9750,3470,no
2203,9517,4310,no
2204,6101,4126,no
2205,6558,8600,no
2206,6991,8903,no
2207,1022,2006,no
2208,1602,5155,no
2209,693,3977,no
2210,1524,649,no
2211,5584,1492,no
2212,760,8681,no
2213,2695,7450,no
2214,4630,7875,no
2215,4852,2725,no
2216,4254,7227,no
2217,5565,3123,no
2218,9036,5631,no
2219,5956,2626,no
2220,2337,8745,no
2221,3557,8545,no
2222,4233,2378,no
2223,5539,8375,no
2224,5816,4646,no
2225,5082,2267,no
2226,2099,4437,no
2227,6667,5892,no
2228,5920,3535,no
2229,7525,7478,no
2230,3342,6295,no
2231,7852,5386,no
2232,5263,9962,no
2233,6855,874,no
2234,1426,5400,no
2235,4032,6064,no
2236,6535,3420,no
2237,4524,1756,no
2238,9141,1770,no
2239,1257,2815,no
2240,8053,4141,no
2241,6331,1604,no
2242,2095,6816,no
2243,2440,6285,no
2244,1957,9440,no
2245,7639,1486,no
2246,6240,2631,no
2247,1798,7432,no
2248,7593,4744,no
2249,7176,8839,no
2250,9088,4121,no
2251,2665,2732,no
2252,3115,9237,no
2253,9645,9419,no
2254,3098,6500,no
2255,5048,8273,no
2256,5518,9811,no
2257,175,2649,no
2258,7413,5463,no
2259,5012,9209,no
2260,920,1873,no
2261,2095,4676,no
2262,1729,5069,no
2263,1833,6803,no
2264,172,9778,no
2265,973,8633,no
2266,2729,6826,no
2267,3048,8332,no
2268,2765,1005,no
2269,6312,341,no
2270,411,8979,no
2271,278,2260,no
2272,4324,9785,no
2273,9233,3663,no
2274,2334,7959,no
2275,4897,3926,no
2276,3507,5106,no
2277,6747,3088,no
2278,7974,4363,no
2279,8287,6969,no
2280,7662,7866,no
2281,3707,1059,no
2282,2844,5923,no
2283,7644,5189,no
2284,2833,3381,no
2285,5399,5846,no
2286,3063,4601,no
2287,2434,7205,no
2288,9286,8156,no
2289,7247,7317,no
2290,7338,7990,no
2291,547,1896,no
2292,6261,9746,no
2293,7748,8914,no
2294,5175,7361,no
2295,851,1156,no
2296,498,7475,no
2297,8580,8722,no
2298,6485,6628,no
2299,1093,491,no
2300,2211,9129,no
2301,943,1871,no
2302,2580,5150,no
2303,339,8188,no
2304,7718,5871,no
2305,4977,462,no
2306,713,9000,no
2307,5253,612,no
2308,5056,8641,no
2309,3854,1450,no
2310,2353,5068,no
2311,6404,1473,no
2312,1197,3348,no
2313,4392,3894,no
2314,8765,5532,no
2315,5397,5749,no
2316,8124,9716,no
2317,4343,8930,no
2318,317,3857,no
2319,8792,3947,no
2320,6187,9444,no
2321,4242,9156,no
2322,8077,9331,no
2323,4994,7134,no
2324,3349,439,no
2325,5275,7512,no
2326,9358,9438,no
2327,8894,6348,no
2328,9048,3508,no
2329,8163,1089,no
2330,9790,7163,no
2331,980,3777,no
2332,3936,7901,no
2333,2785,1492,no
2334,8724,982,no
2335,1728,9539,no
2336,1528,4050,no
2337,486,8255,no
2338,3324,9197,no
2339,6978,6764,no
2340,3723,7563,no
2341,2292,7642,no
2342,412,5752,no
2343,4610,9289,no
2344,8221,4218,no
2345,3399,8523,no
2346,2460,7836,no
2347,6145,3063,no
2348,475,1254,no
2349,5264,5167,no
2350,3048,7243,no
2351,5800,5982,no
2352,8616,3891,no
2353,1197,6227,no
2354,5975,5981,no
2355,6531,3088,no
2356,8255,7487,no
2357,9637,9902,no
2358,9177,13,no
2359,8393,6795,no
2360,5377,7388,no
2361,4930,5948,no
2362,581,8470,no
2363,5054,5813,no
2364,7038,767,no
2365,4309,9178,no
2366,6183,6349,no
2367,4550,5791,no
2368,7703,3527,no
2369,3202,1973,no
2370,5108,8020,no
2371,2243,1347,no
2372,4179,4605,no
2373,2747,1805,no
2374,9515,3479,no
2375,1000,8710,no
2376,6540,7566,no
2377,5166,8467,yes
2378,8541,6351,no
2379,6951,1349,no
2380,145,8339,no
2381,3215,8678,no
2382,6542,3959,no
2383,8389,9044,no
2384,3034,4871,no
2385,1759,7903,no
2386,8406,4432,no
2387,8783,2182,no
2388,246,3551,no
2389,1572,1482,no
2390,9850,2679,no
2391,8529,8887,no
2392,9039,6019,no
2393,3034,9724,no
2394,2897,3346,no
2395,9767,2482,no
2396,6691,38,no
2397,192,8834,no
2398,4528,3709,no
2399,7685,5411,no
2400,2404,1728,no
2401,3723,2530,no
2402,746,7569,no
2403,4603,7826,no
2404,7930,8809,no
2405,6940,3430,no
2406,9053,7656,no
2407,9291,7367,no
2408,5983,64,no
2409,2604,4104,no
2410,8775,2080,no
2411,6397,2013,no
2412,9963,1422,no
2413,952,1538,no
2414,6138,7471,no
2415,6229,4067,no
2416,9937,3522,no
2417,3098,2730,no
2418,8601,9918,no
2419,6625,2735,no
2420,3204,9733,no
2421,309,9930,no
2422,1412,4541,no
2423,9598,2180,no
2424,8148,9313,no
2425,6663,363,no
2426,6153,3749,no
2427,9253,668,no
2428,7806,3425,no
2429,4600,8845,no
2430,8310,3514,no
2431,9411,217,no
2432,832,7814,no
2433,6158,6429,no
2434,1477,9262,no
2435,827,1142,no
2436,6979,532,no
2437,2180,5407,no
2438,7819,8741,no
2439,8203,6363,no
2440,655,4593,no
2441,3985,6456,no
2442,3068,5230,no
2443,5405,5444,no
2444,9305,4242,no
2445,3483,4451,no
2446,1953,8974,no
2447,1871,2664,no
2448,1274,4217,no
2449,4887,693,no
2450,5984,8277,no
2451,3207,2887,no
2452,6297,3440,no
2453,4619,8802,no
2454,4721,1286,no
2455,3814,6517,no
2456,1045,4846,no
2457,6583,6023,no
2458,9424,7304,no
2459,7994,3636,no
2460,2801,6600,no
2461,4313,7792,no
2462,2544,6526,no
2463,8476,7946,no
2464,610,3889,no
2465,7907,6145,no
2466,7858,3806,no
2467,4188,4126,no
2468,8285,2929,no
2469,7337,3394,no
2470,5061,1284,no
2471,7239,872,no
2472,6633,5690,no
2473,3679,4105,no
2474,2372,6127,no
2475,1470,3246,no
2476,5364,4663,no
2477,7920,6597,no
2478,8979,1149,no
2479,4768,3990,no
2480,5117,2136,no
2481,9258,8082,no
2482,2245,6585,no
2483,5058,5324,no
2484,532,289,no
2485,6274,9984,no
2486,7583,3603,no
2487,3924,7315,no
2488,2475,6326,no
2489,9825,3358,no
2490,6760,7338,no
2491,9931,5769,no
2492,6309,4861,yes
2493,2844,6900,no
2494,669,3230,no
2495,6474,7246,no
2496,7800,1646,no
2497,1287,6158,no
2498,606,9265,no
2499,6007,6531,no
2500,875,8834,no
2501,5880,2912,no
2502,6551,610,no
2503,4984,8483,no
2504,4777,4768,no
2505,4658,6422,no
2506,4918,8393,no
2507,432,6753,no
2508,3141,5007,no
2509,8789,395,no
2510,6651,2566,no
2511,4101,4079,no
2512,7533,2405,no
2513,9624,9635,no
2514,6052,198,no
2515,3202,3679,no
2516,3533,9429,no
2517,2467,3122,no
2518,8133,2414,no
2519,2609,218,no
2520,4650,7903,no
2521,7924,2970,no
2522,2856,9843,no
2523,5904,7970,no
2524,5939,3409,no
2525,7229,1408,no
2526,8816,6360,no
2527,2974,3621,no
2528,5770,3082,no
2529,1789,526,no
2530,2977,5185,no
2531,5926,3598,no
2532,7426,5360,no
2533,8432,7252,no
2534,2679,2842,no
2535,4729,6269,no
2536,6930,3298,no
2537,1843,4985,no
2538,2374,1140,no
2539,1990,8029,no
2540,1833,7730,no
2541,9683,8799,no
2542,2540,3783,no
2543,4498,8687,no
2544,8099,3814,no
2545,8592,7514,no
2546,138,2738,no
2547,2187,4641,no
2548,8451,9618,no
2549,378,2640,no
2550,4562,440,no
2551,8976,7806,no
2552,3913,2522,no
2553,3460,8304,no
2554,4936,4740,no
2555,2797,8732,no
2556,7638,1282,no
2557,2224,8439,no
2558,8415,4066,no
2559,1373,9008,no
2560,9379,4689,no
2561,1386,9614,no
2562,9673,1709,no
2563,8076,7407,no
2564,1554,8924,no
2565,5124,7033,no
2566,1143,2181,no
2567,9001,2947,no
2568,5047,1537,no
2569,7854,8391,no
2570,4623,5350,no
2571,1563,3714,no
2572,3091,1370,no
2573,4823,9432,no
2574,3553,9816,no
2575,1639,5600,no
2576,5881,4525,no
2577,6455,586,no
2578,262,6941,no
2579,200,5989,no
2580,1699,3193,no
2581,7215,997,no
2582,8661,4246,no
2583,8299,291,no
2584,7235,7039,no
2585,4501,9197,no
2586,2295,4639,no
2587,9309,7357,no
2588,1003,4902,no
2589,2432,9903,no
2590,4015,5202,no
2591,7798,9516,no
2592,8441,2701,no
2593,4496,4784,no
2594,4095,384,no
2595,5302,428,no
2596,2985,4561,no
2597,4823,1165,no
2598,1407,2717,no
2599,6156,8446,no
2600,9155,3118,no
2601,4666,3755,no
2602,7555,3376,no
2603,9752,3860,no
2604,7421,7477,no
2605,4180,7646,no
2606,1032,7509,no
2607,8249,4642,no
2608,7511,2535,no
2609,6650,1005,no
2610,7384,1709,no
2611,2632,9545,no
2612,7062,3812,no
2613,974,4819,no
2614,5902,5948,no
2615,2259,264,no
2616,6738,5136,no
2617,7172,98,no
2618,8021,6195,no
2619,4314,456,no
2620,2235,173,no
2621,9000,6649,no
2622,2323,4501,no
2623,1334,8401,no
2624,4819,9566,no
2625,1173,4218,no
2626,2678,7785,no
2627,7874,5859,yes
2628,3432,2793,no
2629,7448,9946,no
2630,9124,556,no
2631,7956,6709,no
2632,1762,5850,no
2633,7326,630,no
2634,8114,7641,no
2635,7838,8721,no
2636,1360,3819,no
2637,822,7794,no
2638,8574,5331,no
2639,4216,2629,no
2640,5505,8787,yes
2641,8749,5171,no
2642,3962,5062,no
2643,9099,3085,no
2644,2517,1105,no
2645,888,9876,no
2646,6679,4417,no
2647,5214,2953,no
2648,1687,9281,no
2649,7371,9800,no
2650,5614,942,no
2651,6607,2971,no
2652,6095,1494,no
2653,4420,6133,no
2654,8171,4880,no
2655,6970,3391,no
2656,9518,3351,no
2657,4200,2830,no
2658,213,497,no
2659,6684,518,no
2660,6590,2044,no
2661,5004,4688,no
2662,8789,1817,no
2663,7662,9431,no
2664,8195,2869,no
2665,6622,921,no
2666,6714,149,no
2667,7360,8215,no
2668,1207,8884,no
2669,2387,6910,no
2670,2841,6025,no
2671,7186,8976,no
2672,2967,3499,no
2673,7347,3407,no
2674,2970,5814,no
2675,3559,4561,no
2676,2405,4197,no
2677,3802,5204,no
2678,3648,5712,no
2679,6583,739,no
2680,6501,3345,no
2681,2919,2534,no
2682,2109,2931,no
2683,8923,8427,no
2684,6569,7572,no
2685,9170,228,no
2686,9415,5526,no
2687,7259,4567,no
2688,1882,6929,no
2689,845,4694,no
2690,8053,5389,no
2691,4468,6977,no
2692,5374,8242,no
2693,5719,5271,no
2694,4671,4655,no
2695,1039,910,no
2696,5062,2608,no
2697,2305,7939,no
2698,2658,1151,no
2699,499,4833,no
2700,8380,437,no
2701,874,8147,no
2702,6796,432,no
2703,5795,9211,no
2704,3583,4856,no
2705,4338,6718,yes
2706,4883,2715,no
2707,7386,7331,no
2708,4731,3056,no
2709,4313,2091,no
2710,5427,7501,no
2711,8714,6211,no
2712,6088,6927,no
2713,4439,5370,no
2714,5973,8870,no
2715,7541,9249,no
2716,4604,2361,no
2717,958,1898,no
2718,3196,6089,no
2719,6025,1085,no
2720,4521,5569,no
2721,2145,8315,no
2722,9566,9675,no
2723,4605,129,no
2724,4650,3048,no
2725,2022,2300,no
2726,274,9693,no
2727,411,169,no
2728,8735,6752,no
2729,2556,2116,no
2730,7292,6976,no
2731,285,7351,no
2732,996,9243,no
2733,6234,1822,no
2734,8902,447,no
2735,1129,2486,no
2736,9677,4518,no
2737,5810,2434,no
2738,5425,194,no
2739,9806,3762,no
2740,6317,5547,no
2741,6196,1490,no
2742,3066,2636,no
2743,6620,8737,no
2744,6829,1830,no
2745,6941,4930,no
2746,2952,941,no
2747,8919,9501,no
2748,1026,5480,no
2749,4983,6062,no
2750,5147,9763,no
2751,5558,2138,no
2752,9154,1266,no
2753,7761,314,yes
2754,1877,7091,yes
2755,4333,1747,no
2756,6519,4089,no
2757,2670,1710,no
2758,330,4837,no
2759,5224,1937,no
2760,1878,3365,no
2761,2222,681,no
2762,5871,8754,no
2763,4056,550,no
2764,2069,6060,no
2765,5917,6410,no
2766,7287,6248,no
2767,1124,7882,no
2768,112,3301,no
2769,2759,1116,no
2770,5748,4045,no
2771,6767,3706,no
2772,9016,4409,no
2773,4665,2719,no
2774,979,4646,no
2775,2953,5977,no
2776,1602,7764,no
2777,8591,9987,no
2778,2440,7881,no
2779,1531,8035,no
2780,1134,3530,no
2781,9828,3290,no
2782,9004,96,no
2783,2657,3047,no
2784,4784,7771,no
2785,1970,3620,no
2786,6692,6468,no
2787,4031,7538,no
2788,567,8855,no
2789,3935,3890,yes
2790,2300,9482,no
2791,2391,3799,no
2792,2191,6551,no
2793,468,6829,no
2794,8158,8567,no
2795,4714,8917,no
2796,6687,2600,no
2797,5188,826,no
2798,3903,2411,no
2799,5831,5863,no
2800,2188,4562,no
2801,4994,2132,no
2802,6927,2368,no
2803,737,2531,yes
2804,9182,4132,no
2805,6473,6220,no
2806,6531,3512,no
2807,3142,3812,no
2808,1376,6997,no
2809,7040,2887,no
2810,5381,9504,no
2811,984,3198,no
2812,7661,8358,no
2813,9298,4393,no
2814,5973,3123,no
2815,8493,2411,no
2816,6703,9463,no
2817,9907,6095,no
2818,7841,9807,no
2819,9175,4332,no
2820,2704,4446,no
2821,2669,2108,no
2822,4454,4299,no
2823,2664,3412,no
2824,2885,9359,no
2825,6445,365,no
2826,9858,5156,no
2827,1630,2951,no
2828,101,1642,no
2829,8750,9452,no
2830,1073,23,no
2831,7734,5867,no
2832,9417,3308,no
2833,1617,2846,no
2834,7002,2524,no
2835,8527,601,no
2836,3052,2152,no
2837,7375,4267,no
2838,4555,4111,no
2839,5941,6980,no
2840,1513,2316,no
2841,6932,3700,no
2842,6386,7529,no
2843,2242,9937,no
2844,4458,9782,no
2845,693,5406,no
2846,8647,7048,no
2847,2072,854,no
2848,2686,3695,no
2849,3648,3478,no
2850,5143,8581,no
2851,3284,507,no
2852,8923,4657,no
2853,6434,8363,no
2854,7657,7150,no
2855,3515,8799,no
2856,4954,3803,no
2857,6522,8337,no
2858,8146,625,no
2859,4332,3583,no
2860,3453,8837,no
2861,1432,1531,no
2862,6602,1274,no
2863,2263,3374,no
2864,2301,6879,no
2865,3553,3569,no
2866,2562,3277,no
2867,9841,5204,no
2868,9237,7224,no
2869,9249,2915,no
2870,37,9523,no
2871,2064,4398,no
2872,7691,1889,no
2873,9356,1095,no
2874,3343,6716,no
2875,8116,3846,no
2876,2778,5716,no
2877,1439,818,no
2878,782,7574,no
2879,6944,7877,no
2880,569,9915,no
2881,9449,1389,no
2882,8285,6286,no
2883,5225,9097,no
2884,9545,8980,no
2885,1517,114,no
2886,2128,9667,no
2887,6359,2767,no
2888,1496,5963,no
2889,3956,9119,no
2890,3770,4755,no
2891,6226,8833,no
2892,9901,6765,no
2893,1860,3798,no
2894,6940,684,no
2895,2240,9708,no
2896,8461,5509,no
2897,7961,8987,no
2898,3027,503,no
2899,6067,6739,no
2900,7501,8408,no
2901,2877,2825,no
2902,4149,3989,no
2903,733,5623,no
2904,4106,652,no
2905,3108,8089,no
2906,5146,1590,no
2907,7042,5556,no
2908,7953,1797,no
2909,9417,870,no
2910,8076,9986,no
2911,9021,1545,no
2912,9449,4669,no
2913,645,6620,no
2914,2350,1083,no
2915,8547,3754,no
2916,5429,1371,no
2917,2292,8501,no
2918,5433,9327,no
2919,8857,8024,no
2920,3551,9745,no
2921,683,217,no
2922,932,824,no
2923,2526,1675,no
2924,7302,3851,no
2925,8828,1270,no
2926,292,7521,no
2927,3931,551,no
2928,4507,3088,no
2929,1343,4578,no
2930,1548,2222,no
2931,6819,5684,no
2932,4018,253,no
2933,118,5860,no
2934,2747,6040,no
2935,2995,6526,no
2936,4739,9331,no
2937,9392,511,no
2938,6232,5486,no
2939,803,6688,no
2940,3336,2055,no
2941,2636,2951,no
2942,7049,400,no
2943,4114,3713,no
2944,2655,7569,no
2945,5723,7657,no
2946,5441,7583,no
2947,4107,3600,no
2948,8544,5879,no
2949,9235,1304,no
2950,1088,9939,no
2951,8493,292,no
2952,5651,3458,no
2953,8700,4204,no
2954,7122,6192,no
2955,3087,5209,no
2956,9370,4207,no
2957,7032,519,no
2958,9327,2413,no
2959,7388,5402,no
2960,2502,7080,no
2961,2844,7388,no
2962,9332,8344,no
2963,3375,5822,no
2964,4848,1749,no
2965,4123,4894,no
2966,3778,4658,no
2967,9074,9937,no
2968,5753,1543,no
2969,5317,3947,no
2970,7490,8922,no
2971,7315,197,no
2972,2717,631,no
2973,2058,3222,no
2974,7597,1366,no
2975,3547,7413,no
2976,2873,4224,no
2977,8521,6876,no
2978,4959,363,no
2979,8944,2842,no
2980,7151,5292,no
2981,4654,1531,no
2982,8105,117,no
2983,206,7776,no
2984,892,1218,yes
2985,2819,3756,no
2986,9586,6466,no
2987,3425,5480,no
2988,7432,6260,no
2989,9194,2124,no
2990,2085,1967,no
2991,6643,7912,no
2992,6610,5863,no
2993,8204,4996,no
2994,2601,8525,no
2995,8997,2026,no
2996,3672,5532,no
2997,1201,6417,no
2998,1693,8977,no
2999,819,3785,no
