0,7417,9215
1,8648,4673
2,5665,4773
3,4208,1486
4,3797,7518
5,9574,2604
6,8423,6536
7,2797,9550
8,2454,106
9,7113,7191
10,2099,6835
11,4770,630
12,9914,4025
13,9616,6166
14,6415,5576
15,7346,6953
16,4247,7834
17,608,8545
18,6182,2867
19,6742,9678
20,4642,3036
21,2371,918
22,3386,4042
23,4927,561
24,4456,8148
25,222,2489
26,7122,176
27,9369,5072
28,4191,28
29,2999,9518
30,2564,451
31,8354,9687
32,3439,6445
33,1253,8268
34,1964,6239
35,7266,6291
36,3099,46
37,3040,6042
38,4572,699
39,517,3906
40,2706,2732
41,3311,1586
42,8277,196
43,8177,5845
44,2344,6745
45,1517,1660
46,4165,9934
47,618,8770
48,5563,8287
49,7268,8232
50,1547,1485
51,5368,3177
52,4591,2440
53,6449,7043
54,5089,9955
55,3709,3627
56,2861,186
57,8081,3957
58,6324,9181
59,2520,8136
60,7358,6427
61,5238,1419
62,3960,2547
63,8662,3706
64,4218,4499
65,3002,5398
66,2039,8820
67,5919,1004
68,43,2636
69,8281,1851
70,5247,3125
71,3944,3286
72,5948,9946
73,8909,9243
74,2927,6789
75,8579,4061
76,8666,9649
77,7692,8554
78,693,4508
79,5586,3447
80,4252,4333
81,4449,9915
82,4439,3530
83,506,9217
84,8554,1557
85,5536,7392
86,3907,1379
87,5617,3166
88,9523,4390
89,7531,9721
90,8431,6358
91,453,7402
92,4406,832
93,2689,2239
94,631,9271
95,9519,7514
96,2350,1492
97,9423,7616
98,3588,2404
99,5202,4116
100,110,6349
101,6001,2077
102,682,3882
103,405,1055
104,303,8566
105,6740,5445
106,7537,4374
107,2683,8721
108,2495,3402
109,4540,5176
110,199,1119
111,9573,1686
112,7560,1050
113,889,6706
114,5965,7808
115,8472,6622
116,2792,5747
117,6705,5354
118,9172,1007
119,6944,7063
120,3052,3741
121,4120,9917
122,7137,7698
123,9220,9417
124,7886,3484
125,1483,6619
126,7924,9363
127,1949,9067
128,1771,1921
129,5307,8568
130,5701,2209
131,8562,1718
132,6452,618
133,7132,7573
134,5129,7502
135,9355,8017
136,2711,6982
137,189,7801
138,4782,9660
139,8112,6212
140,7036,2520
141,1069,6120
142,8598,1043
143,7414,1394
144,1573,7759
145,2351,421
146,8532,5977
147,3671,4694
148,5286,8539
149,4247,8852
150,7982,1250
151,5906,3625
152,4062,2274
153,4055,8597
154,5254,5049
155,6475,5561
156,5366,1126
157,1953,3507
158,7208,3361
159,6183,9357
160,7949,2884
161,1490,8915
162,249,6090
163,9537,3301
164,2122,243
165,8104,4620
166,7835,3234
167,5527,9768
168,653,6020
169,6697,5769
170,5759,1617
171,9358,2991
172,6823,9338
173,3206,3722
174,5892,7550
175,7052,3784
176,5876,122
177,6961,448
178,3364,3057
179,3279,2426
180,2393,4570
181,6839,338
182,894,4812
183,2558,3939
184,8780,640
185,586,774
186,3075,1897
187,8322,9806
188,2483,9064
189,2318,1392
190,4757,1681
191,9242,8964
192,9533,5839
193,5983,8356
194,2434,7061
195,9073,6469
196,471,6645
197,4742,5666
198,2672,442
199,1660,6138
200,544,3572
201,3197,6738
202,268,2611
203,2506,8146
204,4682,453
205,709,1345
206,6472,1161
207,5574,7785
208,7182,3396
209,462,1946
210,6670,1989
211,471,4745
212,8824,241
213,3361,6444
214,677,1197
215,9706,5792
216,2204,5401
217,5275,8609
218,4442,8451
219,1755,1393
220,5287,4475
221,2981,1837
222,3669,2938
223,9804,1689
224,1994,1008
225,2251,9411
226,6748,9061
227,9781,4753
228,5951,9369
229,7522,7219
230,6509,3474
231,8646,3906
232,9679,4515
233,136,773
234,4462,3724
235,7371,6940
236,3579,5286
237,7242,1474
238,6922,4251
239,3248,6516
240,6235,654
241,3355,5372
242,2170,5286
243,3546,756
244,345,6049
245,8220,5003
246,3709,6956
247,9279,2198
248,2910,3143
249,9470,2462
250,6437,8346
251,1480,4902
252,5544,9016
253,1814,3799
254,8539,4016
255,1662,7599
256,9493,8592
257,3008,7544
258,3779,9565
259,3454,9328
260,6316,6546
261,1854,3162
262,3680,8046
263,638,5048
264,5203,3300
265,194,907
266,5206,1285
267,3058,1369
268,578,8122
269,1499,3600
270,1936,8359
271,2910,9913
272,8235,8712
273,2166,6698
274,475,4811
275,768,2570
276,192,1671
277,7023,6686
278,5124,4862
279,5127,1793
280,7618,1738
281,2713,9802
282,6478,9349
283,3692,2950
284,9357,307
285,3655,2662
286,2516,6376
287,9706,1966
288,3386,6307
289,3829,5936
290,7079,5509
291,4127,378
292,8445,3
293,5415,3016
294,4944,1005
295,8201,20
296,181,589
297,313,2931
298,7933,1177
299,5162,3873
300,3444,2965
301,5622,2972
302,4514,6047
303,3567,9466
304,8511,8993
305,4469,2207
306,2972,8891
307,4168,2755
308,3891,4473
309,4038,32
310,9462,3449
311,1179,1618
312,7551,6383
313,5796,5001
314,2852,8902
315,4483,1024
316,5405,6037
317,7082,7575
318,3768,5560
319,6984,8749
320,7858,427
321,7685,8927
322,3131,7885
323,5133,4438
324,6129,9026
325,2623,8011
326,3498,7831
327,1473,7709
328,1162,6486
329,8322,683
330,9314,7157
331,4521,3829
332,9292,5775
333,205,5816
334,2840,4361
335,2743,6423
336,7857,4453
337,21,3910
338,6680,4502
339,4427,5693
340,6201,7387
341,8481,9397
342,4075,7490
343,4480,207
344,4279,3542
345,2522,7611
346,3054,4530
347,129,5752
348,8592,4326
349,7755,9864
350,5238,634
351,7388,2046
352,4294,5839
353,5046,1615
354,3623,9971
355,9533,8209
356,3963,9318
357,9275,2728
358,8374,7876
359,6412,4269
360,512,4058
361,5261,7804
362,1795,3557
363,7157,4852
364,3215,7095
365,4141,3351
366,778,9774
367,9823,5408
368,3130,2230
369,6937,6168
370,5130,5015
371,7162,8486
372,2093,7885
373,1464,2129
374,6759,8959
375,8405,9791
376,4089,9889
377,1342,5634
378,105,6388
379,435,9613
380,1676,1430
381,2540,3183
382,6237,4670
383,4682,2789
384,2135,612
385,8383,8400
386,4913,5575
387,5887,2447
388,9086,8385
389,7216,7610
390,8263,4418
391,7621,3354
392,6578,1227
393,228,5402
394,5688,1926
395,6408,1068
396,3672,5755
397,4033,5568
398,1911,2583
399,1936,2875
400,6993,8397
401,5523,4652
402,1909,6457
403,6132,669
404,6796,8660
405,1096,9132
406,6665,6185
407,7201,6314
408,5327,7968
409,8495,8299
410,8373,5085
411,8406,9523
412,2772,7879
413,976,1232
414,4996,8064
415,3859,849
416,8626,301
417,9789,4731
418,9010,8733
419,103,1006
420,8720,345
421,4861,4458
422,8853,4275
423,5718,1181
424,8742,3387
425,8971,7357
426,7188,6522
427,9959,6877
428,9133,9608
429,1471,4300
430,2940,4316
431,1863,1783
432,4307,9237
433,4219,7088
434,6619,4341
435,7643,1930
436,5903,4199
437,9938,371
438,9814,161
439,6898,1101
440,8402,9751
441,3103,7237
442,5784,5544
443,3442,6637
444,1050,7701
445,1258,3383
446,7788,8385
447,6863,4340
448,1989,5698
449,4652,1758
450,576,2853
451,8960,6889
452,7320,179
453,12,7644
454,7087,8131
455,5342,9647
456,3333,71
457,5249,5226
458,4741,9913
459,7736,4251
460,7516,3190
461,6034,5860
462,9264,7746
463,9055,8698
464,9692,7646
465,9839,2360
466,6705,4607
467,7157,5277
468,6261,253
469,1612,3854
470,6164,1768
471,4708,7960
472,1555,3444
473,2522,9130
474,2538,4001
475,7650,3244
476,8158,7232
477,6825,8258
478,176,9168
479,8615,588
480,1828,9813
481,1629,6647
482,6330,8638
483,8208,3436
484,5737,5078
485,417,2434
486,1743,9831
487,2651,1383
488,1732,2283
489,8615,8841
490,6766,3677
491,5321,7970
492,4050,7834
493,2865,8490
494,9553,4764
495,3543,2591
496,1106,5411
497,5355,3055
498,1633,6378
499,7936,9013
500,4562,364
501,2003,7711
502,9972,3186
503,9251,7662
504,1264,4740
505,3195,4094
506,4238,1763
507,6149,4325
508,4054,9475
509,2645,4981
510,3916,792
511,9685,8195
512,2831,7268
513,3726,2379
514,7110,1675
515,7590,6088
516,6819,716
517,792,7279
518,7413,4695
519,5690,9133
520,9787,6849
521,6530,8737
522,4576,2035
523,5438,4560
524,9382,2092
525,2478,8998
526,8475,7811
527,1811,1568
528,2092,927
529,6557,1378
530,2033,4780
531,8575,8699
532,5342,9968
533,8005,8593
534,3537,126
535,1190,1306
536,9182,4332
537,7747,6247
538,6051,187
539,9885,3583
540,9595,5423
541,8747,8530
542,9941,1389
543,9974,6743
544,7426,6916
545,2683,66
546,7283,5043
547,3965,1358
548,5975,9939
549,626,424
550,7431,7871
551,6608,5671
552,1401,9477
553,3908,5021
554,6268,8807
555,2392,9527
556,237,172
557,7438,9993
558,3490,4795
559,9612,4370
560,1156,6168
561,7157,4311
562,2211,2209
563,8203,9597
564,4364,3762
565,3484,7257
566,9070,8915
567,7193,4890
568,440,143
569,9563,9180
570,1971,7052
571,5125,5557
572,7035,1285
573,4931,4134
574,2445,6044
575,9549,9501
576,3759,2055
577,9304,3669
578,2488,7727
579,5539,7174
580,753,1412
581,8754,5725
582,7264,4894
583,8925,8302
584,397,2982
585,5443,2831
586,4160,5301
587,4155,2433
588,3468,4018
589,6191,3795
590,4054,4800
591,9534,8138
592,2138,7494
593,8832,3061
594,6451,6841
595,1034,9128
596,1780,5965
597,4769,386
598,992,6492
599,3280,6792
600,1326,3861
601,1717,8070
602,2776,8163
603,1488,1628
604,3717,4565
605,7673,2530
606,5302,7302
607,5234,2914
608,8329,4865
609,9408,3383
610,1847,799
611,8279,4986
612,4332,1305
613,7587,3605
614,9889,2042
615,7465,248
616,6416,3011
617,5029,7698
618,4782,3272
619,3603,9719
620,5301,3918
621,6922,2694
622,3110,8970
623,2648,7301
624,4982,9240
625,1182,9833
626,8021,3033
627,3404,4028
628,6404,7608
629,4487,4793
630,5426,7028
631,816,1883
632,1227,5546
633,4325,985
634,3748,4982
635,5820,12
636,7561,5288
637,3219,6166
638,8883,7297
639,3132,6779
640,1711,8529
641,5802,240
642,4320,8961
643,2776,7379
644,2382,9824
645,5921,2894
646,4660,2731
647,5954,8186
648,2491,6173
649,1187,8190
650,8929,7600
651,7725,4480
652,8212,7656
653,3503,4559
654,8038,1130
655,3627,2497
656,5010,6081
657,7614,4809
658,6320,4945
659,2443,991
660,3047,7680
661,9905,7791
662,8470,4762
663,2662,9290
664,2512,7733
665,1981,5244
666,6459,3325
667,3708,116
668,7557,6373
669,8311,1568
670,2445,2930
671,6688,3723
672,3403,6499
673,7171,3689
674,6705,8213
675,3268,5626
676,8911,6731
677,1723,7551
678,755,5928
679,20,8730
680,4898,3082
681,9983,4966
682,8874,6829
683,8639,7112
684,437,5214
685,1960,8477
686,164,5453
687,2814,6084
688,6375,4108
689,2259,1295
690,5189,1322
691,4324,8472
692,664,2605
693,1415,2815
694,1451,270
695,275,8062
696,5816,9200
697,6807,6923
698,9281,2371
699,3303,9016
700,1003,7559
701,8392,6887
702,7201,1317
703,1754,8519
704,6991,3770
705,6206,6998
706,9840,3903
707,4563,1187
708,826,6547
709,3551,6924
710,2941,150
711,3540,3944
712,8716,9095
713,1651,1588
714,448,2317
715,9894,762
716,5621,7723
717,1220,6266
718,4898,4122
719,1405,2690
720,1021,5781
721,2900,1367
722,5564,5291
723,1261,1601
724,1139,8021
725,9355,8589
726,3318,1565
727,5843,5664
728,8269,5353
729,1359,4485
730,6619,1910
731,3084,5706
732,2701,2463
733,5144,8797
734,9144,3182
735,7307,8285
736,9281,2853
737,5335,4803
738,7351,8498
739,4297,4382
740,3896,8879
741,5037,8362
742,7503,653
743,9219,4492
744,3731,4336
745,6597,1414
746,7939,3724
747,6233,8950
748,2125,760
749,761,9675
750,1757,4891
751,9432,5406
752,472,7970
753,5297,9228
754,7200,6293
755,4118,364
756,8886,303
757,3929,8359
758,2740,6613
759,703,6019
760,9568,9842
761,8862,9011
762,6409,9262
763,631,2979
764,1891,3231
765,903,4770
766,7168,5594
767,4845,9478
768,7461,5543
769,2988,824
770,6049,2495
771,9862,9384
772,129,3357
773,8083,9018
774,2620,4852
775,5663,1059
776,6676,862
777,6713,5852
778,3639,423
779,9156,1156
780,4549,5239
781,8739,214
782,326,7498
783,2479,3320
784,650,8467
785,7141,3205
786,7683,9322
787,178,2473
788,5712,84
789,2464,3405
790,4734,3154
791,6761,3472
792,1672,695
793,3268,807
794,4974,3899
795,6692,3936
796,1102,6295
797,7741,5989
798,2403,7195
799,1523,2267
800,6226,3796
801,7102,8886
802,5913,1554
803,3128,3041
804,2512,3408
805,4847,516
806,2290,4261
807,3609,3049
808,4351,2301
809,6017,4294
810,7641,7936
811,1166,7398
812,5501,1988
813,5314,8948
814,1998,8832
815,9849,5309
816,8562,1481
817,6694,3053
818,2546,2006
819,2226,216
820,4737,9544
821,2875,2545
822,6982,2068
823,9502,4335
824,4732,1944
825,299,2142
826,3976,615
827,1609,7553
828,8799,4802
829,6756,9980
830,7238,8076
831,6148,8012
832,5870,6986
833,57,5614
834,6641,4183
835,3469,130
836,7330,1562
837,9314,253
838,2623,1245
839,6188,7947
840,8771,4190
841,2216,8502
842,1240,4558
843,8858,2796
844,1844,5722
845,6518,1474
846,2363,1664
847,1349,5417
848,6134,9806
849,7976,81
850,9696,5600
851,7480,852
852,2722,7311
853,8303,4513
854,1018,1856
855,4775,8047
856,1958,18
857,761,9757
858,419,9441
859,8575,6419
860,7751,3317
861,5540,496
862,4900,2548
863,6345,2415
864,1291,8018
865,6381,1237
866,6340,8252
867,6734,3556
868,5054,8964
869,5101,1608
870,4569,7897
871,468,4698
872,273,3145
873,9234,5093
874,9837,8072
875,2125,2746
876,3885,4094
877,7052,5066
878,7849,9299
879,6084,4046
880,9505,4032
881,1974,6898
882,5415,1512
883,7355,6525
884,8425,6479
885,8809,6611
886,4496,5297
887,8882,7394
888,3709,2741
889,5353,2055
890,750,4318
891,4661,5628
892,2283,8068
893,4765,2077
894,34,2331
895,5623,7875
896,3388,3888
897,8811,7649
898,3447,2155
899,4813,9693
900,2329,7961
901,7347,7445
902,6463,2669
903,4394,3300
904,5663,5000
905,3701,5851
906,1098,8602
907,7555,4596
908,8036,6194
909,1384,8257
910,9542,955
911,6734,4854
912,2565,6147
913,7253,5240
914,7270,2255
915,466,741
916,4225,6855
917,4532,4241
918,7846,8171
919,7072,868
920,6518,9188
921,6259,5347
922,9560,4672
923,4724,810
924,9797,9591
925,8593,3152
926,8815,3828
927,6739,4212
928,6604,4933
929,3073,9397
930,977,156
931,3808,3678
932,5355,9686
933,3354,9524
934,4819,8523
935,7096,2337
936,1883,6259
937,7028,3252
938,1729,1907
939,6835,5037
940,8308,4471
941,4183,6194
942,6239,6986
943,280,1064
944,5901,2381
945,5469,3371
946,2429,910
947,8527,2838
948,2328,7399
949,2922,6580
950,2437,2561
951,2278,467
952,8110,4984
953,9051,520
954,2594,8890
955,8621,2903
956,2007,6184
957,3431,8902
958,8800,8919
959,3886,7696
960,9737,8106
961,318,6337
962,6948,7944
963,4387,6441
964,2262,766
965,1614,1685
966,1956,7797
967,9652,3678
968,9433,8100
969,7557,5293
970,2246,8283
971,853,5342
972,1634,5398
973,8468,8150
974,9323,5293
975,1428,177
976,8054,3252
977,9789,1944
978,2078,3284
979,3339,1699
980,7936,9136
981,3704,8421
982,5183,8162
983,812,4549
984,735,5517
985,618,9956
986,1004,381
987,9923,8166
988,3989,7005
989,336,3442
990,1223,3792
991,251,9931
992,2495,7587
993,5402,5415
994,6980,5633
995,8181,5826
996,2603,3190
997,7370,8466
998,7369,5062
999,4470,2415
1000,8731,8923
1001,5532,4579
1002,7064,758
1003,706,2609
1004,5017,2778
1005,1565,1988
1006,1462,3611
1007,2245,1853
1008,5879,9532
1009,4944,8305
1010,8353,1050
1011,4287,1465
1012,7524,442
1013,7406,518
1014,5117,8555
1015,7993,2411
1016,9025,85
1017,3085,7456
1018,1189,2932
1019,9474,2264
1020,6535,2470
1021,6744,6726
1022,7834,1354
1023,811,7971
1024,1199,4478
1025,5558,1855
1026,2100,2316
1027,4267,9578
1028,2237,8314
1029,8671,140
1030,2154,6967
1031,7749,3393
1032,2928,3126
1033,7606,5159
1034,7047,2657
1035,7178,422
1036,1962,9361
1037,7770,4390
1038,8819,4314
1039,8649,5028
1040,2395,5892
1041,9167,4724
1042,5323,5836
1043,4430,6018
1044,84,346
1045,620,4894
1046,2771,3253
1047,6984,1065
1048,1894,4491
1049,161,49
1050,369,8962
1051,1360,5144
1052,9594,7060
1053,5820,2829
1054,9050,4428
1055,3816,2933
1056,4025,8281
1057,8514,7917
1058,432,6671
1059,648,4376
1060,2449,8540
1061,3621,6009
1062,7943,5373
1063,806,3278
1064,497,8570
1065,160,4712
1066,4012,3710
1067,555,963
1068,2970,5207
1069,6733,7769
1070,9688,3855
1071,8983,5857
1072,3545,4646
1073,7991,2472
1074,5296,7780
1075,933,9309
1076,7038,7876
1077,6497,905
1078,9738,8314
1079,1666,1315
1080,9235,9584
1081,7214,7713
1082,9425,8115
1083,7413,2873
1084,4560,3178
1085,5936,2432
1086,1731,8831
1087,6265,8278
1088,3425,7012
1089,9826,643
1090,6249,8468
1091,6854,6159
1092,5954,1850
1093,8669,9288
1094,7897,9360
1095,454,6527
1096,4821,253
1097,6193,6891
1098,5768,8536
1099,1516,6444
1100,5481,3213
1101,4867,1156
1102,2263,270
1103,3844,5758
1104,8513,9496
1105,1709,9395
1106,3749,2845
1107,9255,9020
1108,2482,1465
1109,1621,2488
1110,5728,6786
1111,7317,3393
1112,9978,8400
1113,6425,9636
1114,836,8330
1115,492,458
1116,6649,5342
1117,9505,3060
1118,6087,7708
1119,9944,3083
1120,5673,8743
1121,369,7175
1122,8216,709
1123,5698,2609
1124,8658,3752
1125,5575,4462
1126,9145,8377
1127,3423,6818
1128,7845,5110
1129,2171,8413
1130,2949,1013
1131,1710,2002
1132,6083,391
1133,2492,565
1134,7568,5087
1135,3286,6078
1136,8045,7228
1137,3222,2862
1138,1558,2214
1139,94,7879
1140,9212,5046
1141,4669,7902
1142,6384,3157
1143,1766,1866
1144,9358,1386
1145,6756,6736
1146,8284,1710
1147,9945,4387
1148,2200,7592
1149,1489,9168
1150,3456,96
1151,9288,4830
1152,522,7331
1153,3924,3645
1154,5354,7431
1155,5922,8411
1156,4761,58
1157,8496,6428
1158,7411,6264
1159,7977,5786
1160,970,5218
1161,4185,4090
1162,6950,2312
1163,5705,3202
1164,2368,2740
1165,8178,2824
1166,1131,4741
1167,1601,519
1168,8691,4606
1169,8225,4325
1170,676,1644
1171,327,6778
1172,8674,3420
1173,2157,7656
1174,950,6685
1175,8290,3325
1176,6736,3407
1177,624,3773
1178,9097,5493
1179,8763,5377
1180,1219,3578
1181,2982,7745
1182,9761,5411
1183,9584,5561
1184,344,4298
1185,1226,9805
1186,8583,6432
1187,904,9050
1188,7417,9793
1189,116,5769
1190,1898,1151
1191,5609,9384
1192,1384,3298
1193,2791,5333
1194,8288,7205
1195,9334,532
1196,747,8147
1197,811,2038
1198,8042,946
1199,8022,1446
1200,4325,1529
1201,6908,6075
1202,8709,2729
1203,9453,1052
1204,7776,6636
1205,7890,3816
1206,1206,6657
1207,8634,7694
1208,4892,1589
1209,6863,804
1210,4960,1390
1211,3800,3976
1212,5479,2286
1213,9681,6926
1214,4654,6886
1215,2017,4459
1216,4247,6371
1217,2321,3550
1218,5415,9353
1219,1295,2974
1220,149,6306
1221,2129,936
1222,686,9202
1223,7299,3732
1224,6034,7072
1225,9820,6142
1226,4745,826
1227,7642,7567
1228,9583,8198
1229,1854,2517
1230,278,3353
1231,705,7684
1232,1406,8177
1233,8768,6935
1234,1249,7031
1235,1779,5337
1236,9164,2943
1237,688,616
1238,3394,1653
1239,3260,1847
1240,5841,9082
1241,6994,407
1242,5244,5173
1243,2603,9180
1244,8527,7886
1245,1123,6359
1246,2139,3636
1247,6708,5413
1248,267,916
1249,1866,8863
1250,7181,3467
1251,867,733
1252,6483,8995
1253,8389,6746
1254,2643,9579
1255,322,1798
1256,6565,9901
1257,8035,4702
1258,830,3139
1259,1234,9513
1260,8192,5443
1261,9051,9445
1262,4904,218
1263,3339,9029
1264,8798,5656
1265,2285,6041
1266,3560,5297
1267,7981,8035
1268,226,6210
1269,6934,8621
1270,9595,1734
1271,4969,2940
1272,9315,9326
1273,8554,9207
1274,7651,8715
1275,7822,6027
1276,4908,4215
1277,9956,6423
1278,6021,898
1279,1408,5885
1280,2880,5475
1281,7628,6414
1282,9289,7554
1283,5298,7741
1284,2273,1845
1285,5367,5202
1286,8772,1690
1287,6052,1434
1288,6721,9902
1289,4899,8157
1290,9343,6108
1291,4667,4832
1292,1941,6757
1293,2762,7728
1294,2684,5068
1295,7231,1934
1296,6803,1510
1297,395,9733
1298,3936,4932
1299,4355,9002
1300,380,430
1301,3662,4761
1302,6136,9192
1303,7361,4224
1304,4307,4885
1305,1085,2129
1306,7515,1879
1307,329,1484
1308,9964,6106
1309,7575,7970
1310,7753,4290
1311,4536,8572
1312,2511,8448
1313,7701,6505
1314,1364,5567
1315,594,70
1316,553,3657
1317,2966,7521
1318,4340,3918
1319,9630,6177
1320,2750,5989
1321,5116,6782
1322,7095,9398
1323,5962,7785
1324,7412,6499
1325,3661,2241
1326,2868,6195
1327,1324,5135
1328,2645,7448
1329,5174,2667
1330,5442,2082
1331,4719,4995
1332,205,953
1333,9095,2938
1334,3229,9032
1335,1692,5774
1336,3196,4905
1337,3083,3643
1338,6410,4726
1339,788,3518
1340,6452,7455
1341,8904,4493
1342,5605,3864
1343,6596,5972
1344,5698,1712
1345,594,776
1346,1880,7153
1347,91,3969
1348,8289,5968
1349,3382,2858
1350,5973,6524
1351,2126,3876
1352,2027,5149
1353,9813,7257
1354,9144,1490
1355,3945,5813
1356,6321,1330
1357,6398,3332
1358,9130,9743
1359,2482,9148
1360,7567,879
1361,1775,6719
1362,8754,9908
1363,3952,8795
1364,4679,5146
1365,2788,4564
1366,3141,6215
1367,3237,5208
1368,6353,7860
1369,9514,2632
1370,5878,5643
1371,798,6336
1372,6315,6465
1373,403,9843
1374,5066,3488
1375,7300,6816
1376,173,5426
1377,8863,1141
1378,249,2886
1379,9521,337
1380,9159,5566
1381,7620,7060
1382,2901,7062
1383,6495,517
1384,7260,3912
1385,9926,9475
1386,1208,7901
1387,8130,4504
1388,9922,2811
1389,6175,5393
1390,6403,694
1391,7598,338
1392,6907,344
1393,596,2746
1394,707,7251
1395,6455,3624
1396,1877,2680
1397,3818,9267
1398,6243,2217
1399,2901,2644
1400,126,7979
1401,2009,7426
1402,8305,1125
1403,5900,6114
1404,1510,5304
1405,3203,4589
1406,5756,8951
1407,4138,6581
1408,915,4073
1409,1184,3590
1410,7128,4591
1411,4509,871
1412,1360,1588
1413,304,3723
1414,8736,2950
1415,2933,9339
1416,3423,7842
1417,1658,1793
1418,8212,3731
1419,3915,6291
1420,8283,795
1421,1476,1619
1422,4141,1875
1423,9520,3511
1424,6478,4932
1425,7804,2989
1426,3866,9134
1427,9229,6213
1428,3921,1695
1429,5822,7603
1430,5757,8422
1431,5343,5739
1432,9116,7548
1433,2960,208
1434,406,9544
1435,2796,9538
1436,9890,3231
1437,4743,4207
1438,7181,78
1439,8153,9096
1440,4753,5800
1441,9858,3826
1442,5546,4558
1443,6252,998
1444,5611,9113
1445,9269,3400
1446,1175,7513
1447,3248,2547
1448,7708,9435
1449,148,3905
1450,5981,1916
1451,2954,5274
1452,8287,1283
1453,2174,4546
1454,3889,236
1455,4158,7005
1456,4601,8961
1457,5143,2512
1458,2897,4858
1459,7039,8350
1460,5433,8803
1461,1114,4576
1462,5260,525
1463,2592,2389
1464,4773,8971
1465,167,5483
1466,691,5904
1467,5864,5454
1468,2461,503
1469,4873,9771
1470,9458,2536
1471,2927,3583
1472,8547,7666
1473,2324,7078
1474,1404,7996
1475,573,3695
1476,5708,4789
1477,8473,9507
1478,1070,702
1479,9381,249
1480,9542,3863
1481,2758,3808
1482,6990,820
1483,5946,8844
1484,9735,9357
1485,4167,5288
1486,8960,3580
1487,7254,6542
1488,1969,9723
1489,2193,9752
1490,3212,9059
1491,1953,9916
1492,6087,9914
1493,4939,3565
1494,9711,7019
1495,9493,5172
1496,104,9444
1497,6032,1904
1498,7585,4359
1499,605,5250
1500,6040,3614
1501,1117,1811
1502,1846,7286
1503,9411,338
1504,4714,7579
1505,2243,644
1506,4818,2792
1507,4541,7429
1508,2810,6654
1509,9350,4809
1510,5343,8489
1511,744,7821
1512,6365,9706
1513,6349,5912
1514,7624,8621
1515,3841,9317
1516,2643,6394
1517,8905,5010
1518,8921,1794
1519,8317,8625
1520,6338,6008
1521,6606,1193
1522,5564,8090
1523,3599,3903
1524,1151,7144
1525,4023,9317
1526,2111,864
1527,9674,4458
1528,2774,7706
1529,5315,7480
1530,2838,2072
1531,1932,3510
1532,1454,1524
1533,4501,7909
1534,4107,6000
1535,49,15
1536,4580,7650
1537,1711,3148
1538,1145,9244
1539,4083,2664
1540,3383,2128
1541,187,7964
1542,8345,9795
1543,7261,603
1544,1753,3204
1545,8098,9839
1546,6026,3696
1547,9159,6001
1548,8186,5148
1549,4709,4529
1550,399,6996
1551,3675,2379
1552,4573,9477
1553,808,5223
1554,5965,974
1555,7292,5131
1556,2855,3940
1557,8348,3924
1558,6858,4507
1559,8074,1946
1560,1957,7254
1561,7606,3169
1562,6390,5022
1563,7024,7510
1564,8449,7862
1565,851,1617
1566,3800,450
1567,866,1366
1568,4039,6711
1569,8292,6482
1570,192,8385
1571,6817,7641
1572,7059,778
1573,1716,584
1574,6908,5972
1575,165,9977
1576,9570,1862
1577,1811,7637
1578,9166,6819
1579,3891,9565
1580,429,1812
1581,2493,1468
1582,1117,9484
1583,6212,3046
1584,9017,7000
1585,2935,6663
1586,2648,9871
1587,1280,6170
1588,7127,7363
1589,7735,2639
1590,1278,7637
1591,7307,4372
1592,3795,3406
1593,456,4908
1594,1968,1516
1595,1827,1834
1596,5428,6704
1597,8785,1645
1598,5093,3401
1599,9704,7331
1600,9527,6767
1601,3241,7874
1602,2534,8783
1603,618,2778
1604,6976,1742
1605,6334,2647
1606,9400,7936
1607,4797,9716
1608,7543,8934
1609,5081,2575
1610,2734,7773
1611,1796,3388
1612,1078,4564
1613,7328,6369
1614,6716,2037
1615,1836,8522
1616,380,977
1617,9032,111
1618,3465,4272
1619,6022,2077
1620,8176,5766
1621,7789,3290
1622,5394,1009
1623,5743,3127
1624,9137,5615
1625,2324,6894
1626,5835,8116
1627,3513,8902
1628,9726,542
1629,3962,1576
1630,1332,8813
1631,2129,6978
1632,4569,3481
1633,8662,6955
1634,3853,5368
1635,145,3997
1636,8607,9419
1637,2261,5609
1638,2776,7231
1639,6524,8020
1640,2290,2085
1641,9950,6516
1642,1845,2779
1643,3192,7374
1644,824,1805
1645,2312,6675
1646,561,6131
1647,81,9125
1648,8404,4210
1649,4985,4520
1650,9850,9776
1651,3705,1537
1652,6338,5441
1653,814,6720
1654,4021,3242
1655,460,2526
1656,4158,4643
1657,316,2632
1658,99,6735
1659,6984,3691
1660,9759,9183
1661,8865,4920
1662,3539,932
1663,139,6855
1664,7926,1157
1665,8089,1046
1666,3760,9446
1667,6120,8457
1668,2610,1025
1669,2853,9197
1670,3360,5680
1671,6734,6995
1672,9018,1090
1673,8411,9502
1674,5023,429
1675,9551,5645
1676,9714,8418
1677,6830,62
1678,1118,1494
1679,2452,7139
1680,509,7551
1681,4062,3193
1682,5217,9950
1683,6823,2667
1684,1156,8221
1685,5531,2078
1686,3869,9278
1687,4435,9780
1688,8267,1506
1689,6398,8718
1690,5583,3671
1691,6895,2849
1692,3589,1152
1693,5508,8321
1694,6518,5188
1695,9209,3450
1696,2825,8180
1697,3878,5578
1698,9056,6161
1699,755,4302
1700,2020,6934
1701,375,5598
1702,5125,7537
1703,9423,412
1704,3048,8556
1705,9163,2782
1706,2076,2632
1707,782,1838
1708,7046,4958
1709,977,7270
1710,6421,2359
1711,705,2010
1712,6292,4834
1713,2160,7574
1714,931,7579
1715,9261,8468
1716,6292,9146
1717,8313,9896
1718,4911,1307
1719,7995,8244
1720,787,7521
1721,7828,3882
1722,9051,9271
1723,7214,9877
1724,8469,4675
1725,7064,64
1726,561,2220
1727,3330,1239
1728,8251,5392
1729,3635,640
1730,3607,1530
1731,6768,380
1732,925,6697
1733,8795,5367
1734,7819,2504
1735,8334,4094
1736,5749,816
1737,664,5717
1738,1299,7798
1739,5203,9221
1740,8846,8682
1741,1006,9951
1742,9379,3879
1743,9707,4884
1744,2352,9918
1745,350,5233
1746,7384,1141
1747,4437,7115
1748,9486,7283
1749,908,3611
1750,8716,6778
1751,4610,6726
1752,4336,7296
1753,1130,4010
1754,6378,1314
1755,3554,6937
1756,2965,4462
1757,2878,761
1758,7649,956
1759,8833,7908
1760,8617,5409
1761,9384,5257
1762,8000,9194
1763,4683,7141
1764,7181,973
1765,6203,2544
1766,2680,4168
1767,906,2359
1768,7221,1950
1769,7621,4451
1770,9286,3908
1771,5499,3023
1772,3749,2077
1773,6307,1174
1774,4157,4327
1775,4697,1153
1776,1057,9405
1777,3772,603
1778,5892,8209
1779,6236,8391
1780,50,1414
1781,8704,2737
1782,4243,2580
1783,2247,4555
1784,8235,7408
1785,7257,2106
1786,8386,6809
1787,3856,2020
1788,7225,9539
1789,6829,3619
1790,5375,5577
1791,6949,9488
1792,8018,1426
1793,7189,7772
1794,3315,1574
1795,547,7495
1796,1143,4888
1797,3056,1302
1798,9468,1841
1799,8100,3983
1800,5911,1164
1801,1811,2164
1802,1469,5722
1803,4140,5079
1804,2554,1955
1805,5936,6046
1806,4572,4900
1807,9264,9035
1808,7011,3934
1809,7909,2755
1810,10000,5769
1811,3451,3635
1812,6367,4120
1813,6023,8359
1814,8668,791
1815,1010,4110
1816,5494,8368
1817,8602,8176
1818,1423,5508
1819,6143,6060
1820,7414,4910
1821,8274,1004
1822,7310,6891
1823,2936,1227
1824,4046,9651
1825,3560,7116
1826,7427,7251
1827,1961,9947
1828,3252,2721
1829,5617,7101
1830,5529,2616
1831,4141,9936
1832,6601,3255
1833,4310,5984
1834,1004,9130
1835,8840,5282
1836,7912,4724
1837,105,4339
1838,5792,5224
1839,1408,6480
1840,3352,5966
1841,6438,9742
1842,44,9912
1843,9825,8166
1844,5691,3762
1845,9136,1567
1846,9229,4318
1847,5027,1170
1848,6134,2421
1849,8084,21
1850,3759,6829
1851,560,573
1852,4766,8108
1853,6209,2926
1854,9905,6548
1855,7054,8007
1856,1087,9101
1857,4153,2847
1858,8813,4326
1859,2466,9173
1860,9907,6866
1861,1722,7365
1862,935,5475
1863,2393,3114
1864,8657,9423
1865,3849,4199
1866,8874,1016
1867,5554,694
1868,520,5490
1869,7708,7594
1870,1130,8042
1871,3311,5057
1872,5863,9543
1873,3963,2132
1874,6234,4563
1875,874,7379
1876,2182,2870
1877,3862,7468
1878,8358,8325
1879,1869,2590
1880,8375,4935
1881,344,3333
1882,2718,8687
1883,725,269
1884,6292,5183
1885,5733,9955
1886,7116,1430
1887,2950,8675
1888,2596,7010
1889,9142,7783
1890,8612,6538
1891,3027,1807
1892,9485,5741
1893,4218,8500
1894,8686,1246
1895,9834,1170
1896,3628,7442
1897,779,817
1898,7929,7809
1899,6074,5735
1900,5774,6659
1901,6307,5084
1902,2804,4596
1903,2356,6208
1904,1764,2238
1905,4390,9731
1906,4440,1795
1907,4830,3008
1908,5473,8211
1909,1624,7440
1910,669,8104
1911,4234,9368
1912,7812,2607
1913,4267,710
1914,5647,2176
1915,595,8828
1916,4108,7995
1917,9706,878
1918,9859,5239
1919,6570,1583
1920,7954,148
1921,6527,3183
1922,4451,9087
1923,7399,60
1924,5958,2463
1925,1695,1513
1926,8659,2672
1927,9265,5652
1928,7058,9938
1929,261,9128
1930,7265,6798
1931,7697,1248
1932,3287,8933
1933,3581,5522
1934,4439,6084
1935,5094,8615
1936,402,3977
1937,8872,1927
1938,3531,8258
1939,4581,4181
1940,9327,8719
1941,8057,4278
1942,1918,1452
1943,3847,8390
1944,5647,1932
1945,3816,8681
1946,23,2441
1947,5588,6770
1948,456,1566
1949,1830,6616
1950,3989,580
1951,5058,419
1952,836,9058
1953,7069,2133
1954,8915,231
1955,9561,7958
1956,482,4828
1957,4715,818
1958,9045,1950
1959,4346,8880
1960,8757,24
1961,7666,8965
1962,3909,3082
1963,3175,7136
1964,241,9670
1965,476,5742
1966,332,9473
1967,2846,3998
1968,7507,9423
1969,2786,5698
1970,5337,9499
1971,6189,2435
1972,2852,9018
1973,2997,9818
1974,343,8521
1975,1691,9591
1976,8591,9161
1977,6667,7812
1978,7582,8767
1979,2891,2616
1980,6286,9726
1981,4495,3560
1982,4093,2630
1983,6480,9668
1984,8389,485
1985,8488,1066
1986,7905,433
1987,8337,932
1988,6567,5349
1989,49,5071
1990,471,677
1991,5283,4360
1992,6833,7951
1993,4839,3931
1994,7002,9819
1995,7567,5966
1996,7195,3141
1997,9595,206
1998,3392,2675
1999,578,9303
2000,7351,9204
2001,1055,1716
2002,8116,6117
2003,6193,1453
2004,5136,2852
2005,800,422
2006,3834,2601
2007,1458,8118
2008,8868,6733
2009,8403,9718
2010,6641,1554
2011,9878,2248
2012,109,1278
2013,7566,5369
2014,6287,9342
2015,1979,179
2016,835,5992
2017,7494,8365
2018,3984,9214
2019,8793,8973
2020,7818,258
2021,9021,6722
2022,7829,7912
2023,7054,6480
2024,3549,6520
2025,6473,5779
2026,8810,4446
2027,5149,1164
2028,1419,6108
2029,1248,9632
2030,1010,1824
2031,137,3298
2032,9451,6792
2033,7388,778
2034,3070,2185
2035,6283,9373
2036,1466,3477
2037,4135,5224
2038,5638,4308
2039,1042,4912
2040,6199,2860
2041,1232,3475
2042,3122,9181
2043,3403,9533
2044,4057,6272
2045,1997,1903
2046,9783,8937
2047,1013,7819
2048,1964,7525
2049,6356,7416
2050,4210,7696
2051,1481,4457
2052,3517,4463
2053,7508,2881
2054,2058,9586
2055,5461,2491
2056,5791,1106
2057,3185,1640
2058,3947,4518
2059,2433,123
2060,8620,9301
2061,5447,5983
2062,995,5093
2063,2140,849
2064,5022,6142
2065,3723,3504
2066,8218,5252
2067,139,4452
2068,4519,8232
2069,3641,686
2070,6565,7642
2071,4485,8799
2072,4742,8470
2073,1146,4661
2074,4683,2973
2075,1112,1253
2076,6267,158
2077,3967,288
2078,7033,2926
2079,5203,9600
2080,5524,6101
2081,8504,7837
2082,353,6210
2083,1405,4610
2084,2291,3873
2085,615,3242
2086,7658,390
2087,7597,9366
2088,6104,6868
2089,6955,4763
2090,4787,4860
2091,7736,962
2092,470,2397
2093,9026,4762
2094,2364,9917
2095,9756,9899
2096,8579,1630
2097,6580,9659
2098,5843,96
2099,4217,6177
2100,220,2013
2101,7180,4225
2102,6909,2774
2103,6809,2479
2104,751,9023
2105,2925,7841
2106,3086,3123
2107,4951,9135
2108,6037,7615
2109,558,8124
2110,8219,8254
2111,2714,1278
2112,2366,8254
2113,8563,6064
2114,2609,8564
2115,2726,3700
2116,7850,2133
2117,3787,955
2118,4158,6475
2119,2420,6354
2120,9827,9706
2121,9358,4249
2122,6486,3129
2123,9625,4355
2124,1587,9054
2125,2510,9873
2126,8836,3630
2127,9147,9022
2128,8126,9759
2129,5982,3442
2130,5038,2613
2131,6940,6534
2132,6750,7635
2133,2214,1834
2134,6838,1367
2135,9750,991
2136,1172,5759
2137,7686,7597
2138,4206,9759
2139,3708,299
2140,5457,8091
2141,5326,8184
2142,8538,9624
2143,165,2468
2144,5442,3985
2145,4956,6615
2146,9073,9546
2147,8221,3963
2148,5816,5900
2149,6960,2979
2150,9269,822
2151,1138,1523
2152,5735,9688
2153,4276,9772
2154,6442,7282
2155,9899,3373
2156,4938,723
2157,9762,3319
2158,39,7088
2159,7254,3517
2160,54,5671
2161,9319,6578
2162,9302,2237
2163,7242,6007
2164,4157,1693
2165,3528,5484
2166,8354,1393
2167,7246,9850
2168,6837,2982
2169,7727,6668
2170,6923,5125
2171,5972,278
2172,4500,6935
2173,4200,7397
2174,3830,2811
2175,3045,5583
2176,2642,1343
2177,3092,7720
2178,9491,6805
2179,9359,1176
2180,8880,6779
2181,2332,8413
2182,3107,2766
2183,7728,445
2184,5002,790
2185,8560,4104
2186,5608,5416
2187,4605,550
2188,2539,1235
2189,2507,5262
2190,8347,8537
2191,5682,4973
2192,7834,2872
2193,1169,137
2194,7491,5523
2195,6163,1049
2196,5391,858
2197,7431,7677
2198,1416,3105
2199,655,405
2200,8987,9063
2201,8579,986
2202,9750,3470
2203,9517,4310
2204,6101,4126
2205,6558,8600
2206,6991,8903
2207,1022,2006
2208,1602,5155
2209,693,3977
2210,1524,649
2211,5584,1492
2212,760,8681
2213,2695,7450
2214,4630,7875
2215,4852,2725
2216,4254,7227
2217,5565,3123
2218,9036,5631
2219,5956,2626
2220,2337,8745
2221,3557,8545
2222,4233,2378
2223,5539,8375
2224,5816,4646
2225,5082,2267
2226,2099,4437
2227,6667,5892
2228,5920,3535
2229,7525,7478
2230,3342,6295
2231,7852,5386
2232,5263,9962
2233,6855,874
2234,1426,5400
2235,4032,6064
2236,6535,3420
2237,4524,1756
2238,9141,1770
2239,1257,2815
2240,8053,4141
2241,6331,1604
2242,2095,6816
2243,2440,6285
2244,1957,9440
2245,7639,1486
2246,6240,2631
2247,1798,7432
2248,7593,4744
2249,7176,8839
2250,9088,4121
2251,2665,2732
2252,3115,9237
2253,9645,9419
2254,3098,6500
2255,5048,8273
2256,5518,9811
2257,175,2649
2258,7413,5463
2259,5012,9209
2260,920,1873
2261,2095,4676
2262,1729,5069
2263,1833,6803
2264,172,9778
2265,973,8633
2266,2729,6826
2267,3048,8332
2268,2765,1005
2269,6312,341
2270,411,8979
2271,278,2260
2272,4324,9785
2273,9233,3663
2274,2334,7959
2275,4897,3926
2276,3507,5106
2277,6747,3088
2278,7974,4363
2279,8287,6969
2280,7662,7866
2281,3707,1059
2282,2844,5923
2283,7644,5189
2284,2833,3381
2285,5399,5846
2286,3063,4601
2287,2434,7205
2288,9286,8156
2289,7247,7317
2290,7338,7990
2291,547,1896
2292,6261,9746
2293,7748,8914
2294,5175,7361
2295,851,1156
2296,498,7475
2297,8580,8722
2298,6485,6628
2299,1093,491
2300,2211,9129
2301,943,1871
2302,2580,5150
2303,339,8188
2304,7718,5871
2305,4977,462
2306,713,9000
2307,5253,612
2308,5056,8641
2309,3854,1450
2310,2353,5068
2311,6404,1473
2312,1197,3348
2313,4392,3894
2314,8765,5532
2315,5397,5749
2316,8124,9716
2317,4343,8930
2318,317,3857
2319,8792,3947
2320,6187,9444
2321,4242,9156
2322,8077,9331
2323,4994,7134
2324,3349,439
2325,5275,7512
2326,9358,9438
2327,8894,6348
2328,9048,3508
2329,8163,1089
2330,9790,7163
2331,980,3777
2332,3936,7901
2333,2785,1492
2334,8724,982
2335,1728,9539
2336,1528,4050
2337,486,8255
2338,3324,9197
2339,6978,6764
2340,3723,7563
2341,2292,7642
2342,412,5752
2343,4610,9289
2344,8221,4218
2345,3399,8523
2346,2460,7836
2347,6145,3063
2348,475,1254
2349,5264,5167
2350,3048,7243
2351,5800,5982
2352,8616,3891
2353,1197,6227
2354,5975,5981
2355,6531,3088
2356,8255,7487
2357,9637,9902
2358,9177,13
2359,8393,6795
2360,5377,7388
2361,4930,5948
2362,581,8470
2363,5054,5813
2364,7038,767
2365,4309,9178
2366,6183,6349
2367,4550,5791
2368,7703,3527
2369,3202,1973
2370,5108,8020
2371,2243,1347
2372,4179,4605
2373,2747,1805
2374,9515,3479
2375,1000,8710
2376,6540,7566
2377,5166,8467
2378,8541,6351
2379,6951,1349
2380,145,8339
2381,3215,8678
2382,6542,3959
2383,8389,9044
2384,3034,4871
2385,1759,7903
2386,8406,4432
2387,8783,2182
2388,246,3551
2389,1572,1482
2390,9850,2679
2391,8529,8887
2392,9039,6019
2393,3034,9724
2394,2897,3346
2395,9767,2482
2396,6691,38
2397,192,8834
2398,4528,3709
2399,7685,5411
2400,2404,1728
2401,3723,2530
2402,746,7569
2403,4603,7826
2404,7930,8809
2405,6940,3430
2406,9053,7656
2407,9291,7367
2408,5983,64
2409,2604,4104
2410,8775,2080
2411,6397,2013
2412,9963,1422
2413,952,1538
2414,6138,7471
2415,6229,4067
2416,9937,3522
2417,3098,2730
2418,8601,9918
2419,6625,2735
2420,3204,9733
2421,309,9930
2422,1412,4541
2423,9598,2180
2424,8148,9313
2425,6663,363
2426,6153,3749
2427,9253,668
2428,7806,3425
2429,4600,8845
2430,8310,3514
2431,9411,217
2432,832,7814
2433,6158,6429
2434,1477,9262
2435,827,1142
2436,6979,532
2437,2180,5407
2438,7819,8741
2439,8203,6363
2440,655,4593
2441,3985,6456
2442,3068,5230
2443,5405,5444
2444,9305,4242
2445,3483,4451
2446,1953,8974
2447,1871,2664
2448,1274,4217
2449,4887,693
2450,5984,8277
2451,3207,2887
2452,6297,3440
2453,4619,8802
2454,4721,1286
2455,3814,6517
2456,1045,4846
2457,6583,6023
2458,9424,7304
2459,7994,3636
2460,2801,6600
2461,4313,7792
2462,2544,6526
2463,8476,7946
2464,610,3889
2465,7907,6145
2466,7858,3806
2467,4188,4126
2468,8285,2929
2469,7337,3394
2470,5061,1284
2471,7239,872
2472,6633,5690
2473,3679,4105
2474,2372,6127
2475,1470,3246
2476,5364,4663
2477,7920,6597
2478,8979,1149
2479,4768,3990
2480,5117,2136
2481,9258,8082
2482,2245,6585
2483,5058,5324
2484,532,289
2485,6274,9984
2486,7583,3603
2487,3924,7315
2488,2475,6326
2489,9825,3358
2490,6760,7338
2491,9931,5769
2492,6309,4861
2493,2844,6900
2494,669,3230
2495,6474,7246
2496,7800,1646
2497,1287,6158
2498,606,9265
2499,6007,6531
2500,875,8834
2501,5880,2912
2502,6551,610
2503,4984,8483
2504,4777,4768
2505,4658,6422
2506,4918,8393
2507,432,6753
2508,3141,5007
2509,8789,395
2510,6651,2566
2511,4101,4079
2512,7533,2405
2513,9624,9635
2514,6052,198
2515,3202,3679
2516,3533,9429
2517,2467,3122
2518,8133,2414
2519,2609,218
2520,4650,7903
2521,7924,2970
2522,2856,9843
2523,5904,7970
2524,5939,3409
2525,7229,1408
2526,8816,6360
2527,2974,3621
2528,5770,3082
2529,1789,526
2530,2977,5185
2531,5926,3598
2532,7426,5360
2533,8432,7252
2534,2679,2842
2535,4729,6269
2536,6930,3298
2537,1843,4985
2538,2374,1140
2539,1990,8029
2540,1833,7730
2541,9683,8799
2542,2540,3783
2543,4498,8687
2544,8099,3814
2545,8592,7514
2546,138,2738
2547,2187,4641
2548,8451,9618
2549,378,2640
2550,4562,440
2551,8976,7806
2552,3913,2522
2553,3460,8304
2554,4936,4740
2555,2797,8732
2556,7638,1282
2557,2224,8439
2558,8415,4066
2559,1373,9008
2560,9379,4689
2561,1386,9614
2562,9673,1709
2563,8076,7407
2564,1554,8924
2565,5124,7033
2566,1143,2181
2567,9001,2947
2568,5047,1537
2569,7854,8391
2570,4623,5350
2571,1563,3714
2572,3091,1370
2573,4823,9432
2574,3553,9816
2575,1639,5600
2576,5881,4525
2577,6455,586
2578,262,6941
2579,200,5989
2580,1699,3193
2581,7215,997
2582,8661,4246
2583,8299,291
2584,7235,7039
2585,4501,9197
2586,2295,4639
2587,9309,7357
2588,1003,4902
2589,2432,9903
2590,4015,5202
2591,7798,9516
2592,8441,2701
2593,4496,4784
2594,4095,384
2595,5302,428
2596,2985,4561
2597,4823,1165
2598,1407,2717
2599,6156,8446
2600,9155,3118
2601,4666,3755
2602,7555,3376
2603,9752,3860
2604,7421,7477
2605,4180,7646
2606,1032,7509
2607,8249,4642
2608,7511,2535
2609,6650,1005
2610,7384,1709
2611,2632,9545
2612,7062,3812
2613,974,4819
2614,5902,5948
2615,2259,264
2616,6738,5136
2617,7172,98
2618,8021,6195
2619,4314,456
2620,2235,173
2621,9000,6649
2622,2323,4501
2623,1334,8401
2624,4819,9566
2625,1173,4218
2626,2678,7785
2627,7874,5859
2628,3432,2793
2629,7448,9946
2630,9124,556
2631,7956,6709
2632,1762,5850
2633,7326,630
2634,8114,7641
2635,7838,8721
2636,1360,3819
2637,822,7794
2638,8574,5331
2639,4216,2629
2640,5505,8787
2641,8749,5171
2642,3962,5062
2643,9099,3085
2644,2517,1105
2645,888,9876
2646,6679,4417
2647,5214,2953
2648,1687,9281
2649,7371,9800
2650,5614,942
2651,6607,2971
2652,6095,1494
2653,4420,6133
2654,8171,4880
2655,6970,3391
2656,9518,3351
2657,4200,2830
2658,213,497
2659,6684,518
2660,6590,2044
2661,5004,4688
2662,8789,1817
2663,7662,9431
2664,8195,2869
2665,6622,921
2666,6714,149
2667,7360,8215
2668,1207,8884
2669,2387,6910
2670,2841,6025
2671,7186,8976
2672,2967,3499
2673,7347,3407
2674,2970,5814
2675,3559,4561
2676,2405,4197
2677,3802,5204
2678,3648,5712
2679,6583,739
2680,6501,3345
2681,2919,2534
2682,2109,2931
2683,8923,8427
2684,6569,7572
2685,9170,228
2686,9415,5526
2687,7259,4567
2688,1882,6929
2689,845,4694
2690,8053,5389
2691,4468,6977
2692,5374,8242
2693,5719,5271
2694,4671,4655
2695,1039,910
2696,5062,2608
2697,2305,7939
2698,2658,1151
2699,499,4833
2700,8380,437
2701,874,8147
2702,6796,432
2703,5795,9211
2704,3583,4856
2705,4338,6718
2706,4883,2715
2707,7386,7331
2708,4731,3056
2709,4313,2091
2710,5427,7501
2711,8714,6211
2712,6088,6927
2713,4439,5370
2714,5973,8870
2715,7541,9249
2716,4604,2361
2717,958,1898
2718,3196,6089
2719,6025,1085
2720,4521,5569
2721,2145,8315
2722,9566,9675
2723,4605,129
2724,4650,3048
2725,2022,2300
2726,274,9693
2727,411,169
2728,8735,6752
2729,2556,2116
2730,7292,6976
2731,285,7351
2732,996,9243
2733,6234,1822
2734,8902,447
2735,1129,2486
2736,9677,4518
2737,5810,2434
2738,5425,194
2739,9806,3762
2740,6317,5547
2741,6196,1490
2742,3066,2636
2743,6620,8737
2744,6829,1830
2745,6941,4930
2746,2952,941
2747,8919,9501
2748,1026,5480
2749,4983,6062
2750,5147,9763
2751,5558,2138
2752,9154,1266
2753,7761,314
2754,1877,7091
2755,4333,1747
2756,6519,4089
2757,2670,1710
2758,330,4837
2759,5224,1937
2760,1878,3365
2761,2222,681
2762,5871,8754
2763,4056,550
2764,2069,6060
2765,5917,6410
2766,7287,6248
2767,1124,7882
2768,112,3301
2769,2759,1116
2770,5748,4045
2771,6767,3706
2772,9016,4409
2773,4665,2719
2774,979,4646
2775,2953,5977
2776,1602,7764
2777,8591,9987
2778,2440,7881
2779,1531,8035
2780,1134,3530
2781,9828,3290
2782,9004,96
2783,2657,3047
2784,4784,7771
2785,1970,3620
2786,6692,6468
2787,4031,7538
2788,567,8855
2789,3935,3890
2790,2300,9482
2791,2391,3799
2792,2191,6551
2793,468,6829
2794,8158,8567
2795,4714,8917
2796,6687,2600
2797,5188,826
2798,3903,2411
2799,5831,5863
2800,2188,4562
2801,4994,2132
2802,6927,2368
2803,737,2531
2804,9182,4132
2805,6473,6220
2806,6531,3512
2807,3142,3812
2808,1376,6997
2809,7040,2887
2810,5381,9504
2811,984,3198
2812,7661,8358
2813,9298,4393
2814,5973,3123
2815,8493,2411
2816,6703,9463
2817,9907,6095
2818,7841,9807
2819,9175,4332
2820,2704,4446
2821,2669,2108
2822,4454,4299
2823,2664,3412
2824,2885,9359
2825,6445,365
2826,9858,5156
2827,1630,2951
2828,101,1642
2829,8750,9452
2830,1073,23
2831,7734,5867
2832,9417,3308
2833,1617,2846
2834,7002,2524
2835,8527,601
2836,3052,2152
2837,7375,4267
2838,4555,4111
2839,5941,6980
2840,1513,2316
2841,6932,3700
2842,6386,7529
2843,2242,9937
2844,4458,9782
2845,693,5406
2846,8647,7048
2847,2072,854
2848,2686,3695
2849,3648,3478
2850,5143,8581
2851,3284,507
2852,8923,4657
2853,6434,8363
2854,7657,7150
2855,3515,8799
2856,4954,3803
2857,6522,8337
2858,8146,625
2859,4332,3583
2860,3453,8837
2861,1432,1531
2862,6602,1274
2863,2263,3374
2864,2301,6879
2865,3553,3569
2866,2562,3277
2867,9841,5204
2868,9237,7224
2869,9249,2915
2870,37,9523
2871,2064,4398
2872,7691,1889
2873,9356,1095
2874,3343,6716
2875,8116,3846
2876,2778,5716
2877,1439,818
2878,782,7574
2879,6944,7877
2880,569,9915
2881,9449,1389
2882,8285,6286
2883,5225,9097
2884,9545,8980
2885,1517,114
2886,2128,9667
2887,6359,2767
2888,1496,5963
2889,3956,9119
2890,3770,4755
2891,6226,8833
2892,9901,6765
2893,1860,3798
2894,6940,684
2895,2240,9708
2896,8461,5509
2897,7961,8987
2898,3027,503
2899,6067,6739
2900,7501,8408
2901,2877,2825
2902,4149,3989
2903,733,5623
2904,4106,652
2905,3108,8089
2906,5146,1590
2907,7042,5556
2908,7953,1797
2909,9417,870
2910,8076,9986
2911,9021,1545
2912,9449,4669
2913,645,6620
2914,2350,1083
2915,8547,3754
2916,5429,1371
2917,2292,8501
2918,5433,9327
2919,8857,8024
2920,3551,9745
2921,683,217
2922,932,824
2923,2526,1675
2924,7302,3851
2925,8828,1270
2926,292,7521
2927,3931,551
2928,4507,3088
2929,1343,4578
2930,1548,2222
2931,6819,5684
2932,4018,253
2933,118,5860
2934,2747,6040
2935,2995,6526
2936,4739,9331
2937,9392,511
2938,6232,5486
2939,803,6688
2940,3336,2055
2941,2636,2951
2942,7049,400
2943,4114,3713
2944,2655,7569
2945,5723,7657
2946,5441,7583
2947,4107,3600
2948,8544,5879
2949,9235,1304
2950,1088,9939
2951,8493,292
2952,5651,3458
2953,8700,4204
2954,7122,6192
2955,3087,5209
2956,9370,4207
2957,7032,519
2958,9327,2413
2959,7388,5402
2960,2502,7080
2961,2844,7388
2962,9332,8344
2963,3375,5822
2964,4848,1749
2965,4123,4894
2966,3778,4658
2967,9074,9937
2968,5753,1543
2969,5317,3947
2970,7490,8922
2971,7315,197
2972,2717,631
2973,2058,3222
2974,7597,1366
2975,3547,7413
2976,2873,4224
2977,8521,6876
2978,4959,363
2979,8944,2842
2980,7151,5292
2981,4654,1531
2982,8105,117
2983,206,7776
2984,892,1218
2985,2819,3756
2986,9586,6466
2987,3425,5480
2988,7432,6260
2989,9194,2124
2990,2085,1967
2991,6643,7912
2992,6610,5863
2993,8204,4996
2994,2601,8525
2995,8997,2026
2996,3672,5532
2997,1201,6417
2998,1693,8977
2999,819,3785
3000,2345,6746
